	1	1	1.000000
	1	2	1.000000
	1	3	1.000000
	1	4	1.000000
	1	5	1.000000
	1	6	1.000000
	1	7	1.000000
	1	8	1.000000
	1	9	1.000000
	1	10	1.000000
	1	11	1.000000
	1	12	1.000000
	1	13	1.000000
	1	14	1.000000
	1	15	1.000000
	1	16	1.000000
	1	17	1.000000
	1	18	1.000000
	1	19	1.000000
	1	20	1.000000
	1	21	1.000000
	2	1	0.500000
	2	2	0.410749
	2	3	0.435733
	2	4	0.410368
	2	5	0.573276
	2	6	0.640932
	2	7	0.669320
	2	8	0.681132
	2	9	0.685759
	2	10	0.687507
	2	11	0.688071
	2	12	0.688211
	2	13	0.688071
	2	14	0.687507
	2	15	0.685759
	2	16	0.681132
	2	17	0.669320
	2	18	0.640932
	2	19	0.573276
	2	20	0.410368
	2	21	0.000000
	3	1	0.500000
	3	2	0.284453
	3	3	0.135014
	3	4	0.188342
	3	5	0.305614
	3	6	0.368304
	3	7	0.399129
	3	8	0.412985
	3	9	0.418855
	3	10	0.421034
	3	11	0.421802
	3	12	0.421960
	3	13	0.421802
	3	14	0.421034
	3	15	0.418855
	3	16	0.412985
	3	17	0.399129
	3	18	0.368304
	3	19	0.305614
	3	20	0.188342
	3	21	0.000000
	4	1	0.500000
	4	2	0.257384
	4	3	0.098007
	4	4	0.087041
	4	5	0.150843
	4	6	0.190031
	4	7	0.210981
	4	8	0.221191
	4	9	0.225519
	4	10	0.227248
	4	11	0.227799
	4	12	0.227941
	4	13	0.227799
	4	14	0.227248
	4	15	0.225519
	4	16	0.221191
	4	17	0.210981
	4	18	0.190031
	4	19	0.150843
	4	20	0.087041
	4	21	0.000000
	5	1	0.500000
	5	2	0.251582
	5	3	0.082445
	5	4	0.037739
	5	5	0.067532
	5	6	0.087008
	5	7	0.098176
	5	8	0.103646
	5	9	0.106117
	5	10	0.107025
	5	11	0.107348
	5	12	0.107407
	5	13	0.107348
	5	14	0.107025
	5	15	0.106117
	5	16	0.103646
	5	17	0.098176
	5	18	0.087008
	5	19	0.067532
	5	20	0.037739
	5	21	0.000000
	6	1	0.500000
	6	2	0.250339
	6	3	0.075812
	6	4	0.014794
	6	5	0.026783
	6	6	0.035013
	6	7	0.039734
	6	8	0.042176
	6	9	0.043197
	6	10	0.043607
	6	11	0.043722
	6	12	0.043753
	6	13	0.043722
	6	14	0.043607
	6	15	0.043197
	6	16	0.042176
	6	17	0.039734
	6	18	0.035013
	6	19	0.026783
	6	20	0.014794
	6	21	0.000000
	7	1	0.500000
	7	2	0.250072
	7	3	0.073226
	7	4	0.005086
	7	5	0.009303
	7	6	0.012175
	7	7	0.013895
	7	8	0.014721
	7	9	0.015094
	7	10	0.015214
	7	11	0.015255
	7	12	0.015260
	7	13	0.015255
	7	14	0.015214
	7	15	0.015094
	7	16	0.014721
	7	17	0.013895
	7	18	0.012175
	7	19	0.009303
	7	20	0.005086
	7	21	0.000000
	8	1	0.500000
	8	2	0.250015
	8	3	0.072335
	8	4	0.001520
	8	5	0.002765
	8	6	0.003640
	8	7	0.004128
	8	8	0.004378
	8	9	0.004470
	8	10	0.004504
	8	11	0.004511
	8	12	0.004513
	8	13	0.004511
	8	14	0.004504
	8	15	0.004470
	8	16	0.004378
	8	17	0.004128
	8	18	0.003640
	8	19	0.002765
	8	20	0.001520
	8	21	0.000000
	9	1	0.500000
	9	2	0.250003
	9	3	0.072077
	9	4	0.000383
	9	5	0.000703
	9	6	0.000913
	9	7	0.001037
	9	8	0.001089
	9	9	0.001112
	9	10	0.001116
	9	11	0.001118
	9	12	0.001118
	9	13	0.001118
	9	14	0.001116
	9	15	0.001112
	9	16	0.001089
	9	17	0.001037
	9	18	0.000913
	9	19	0.000703
	9	20	0.000383
	9	21	0.000000
	10	1	0.500000
	10	2	0.250000
	10	3	0.072014
	10	4	0.000082
	10	5	0.000147
	10	6	0.000192
	10	7	0.000214
	10	8	0.000225
	10	9	0.000228
	10	10	0.000229
	10	11	0.000229
	10	12	0.000229
	10	13	0.000229
	10	14	0.000229
	10	15	0.000228
	10	16	0.000225
	10	17	0.000214
	10	18	0.000192
	10	19	0.000147
	10	20	0.000082
	10	21	0.000000
	11	1	0.500000
	11	2	0.249999
	11	3	0.072002
	11	4	0.000014
	11	5	0.000026
	11	6	0.000033
	11	7	0.000036
	11	8	0.000037
	11	9	0.000038
	11	10	0.000038
	11	11	0.000038
	11	12	0.000038
	11	13	0.000038
	11	14	0.000038
	11	15	0.000038
	11	16	0.000037
	11	17	0.000036
	11	18	0.000033
	11	19	0.000026
	11	20	0.000014
	11	21	0.000000
	12	1	0.500000
	12	2	0.249999
	12	3	0.072000
	12	4	0.000002
	12	5	0.000004
	12	6	0.000004
	12	7	0.000005
	12	8	0.000005
	12	9	0.000005
	12	10	0.000005
	12	11	0.000005
	12	12	0.000005
	12	13	0.000005
	12	14	0.000005
	12	15	0.000005
	12	16	0.000005
	12	17	0.000005
	12	18	0.000004
	12	19	0.000004
	12	20	0.000002
	12	21	0.000000
	13	1	0.500000
	13	2	0.249998
	13	3	0.071999
	13	4	0.000000
	13	5	0.000000
	13	6	0.000000
	13	7	0.000000
	13	8	0.000000
	13	9	0.000000
	13	10	0.000000
	13	11	0.000000
	13	12	0.000000
	13	13	0.000000
	13	14	0.000000
	13	15	0.000000
	13	16	0.000000
	13	17	0.000000
	13	18	0.000000
	13	19	0.000000
	13	20	0.000000
	13	21	0.000000
	14	1	0.500000
	14	2	0.249994
	14	3	0.071998
	14	4	0.000000
	14	5	0.000000
	14	6	0.000000
	14	7	0.000000
	14	8	0.000000
	14	9	0.000000
	14	10	0.000000
	14	11	0.000000
	14	12	0.000000
	14	13	0.000000
	14	14	0.000000
	14	15	0.000000
	14	16	0.000000
	14	17	0.000000
	14	18	0.000000
	14	19	0.000000
	14	20	0.000000
	14	21	0.000000
	15	1	0.500000
	15	2	0.249975
	15	3	0.071993
	15	4	0.000000
	15	5	0.000000
	15	6	0.000000
	15	7	0.000000
	15	8	0.000000
	15	9	0.000000
	15	10	0.000000
	15	11	0.000000
	15	12	0.000000
	15	13	0.000000
	15	14	0.000000
	15	15	0.000000
	15	16	0.000000
	15	17	0.000000
	15	18	0.000000
	15	19	0.000000
	15	20	0.000000
	15	21	0.000000
	16	1	0.500000
	16	2	0.249886
	16	3	0.071967
	16	4	0.000000
	16	5	0.000000
	16	6	0.000000
	16	7	0.000000
	16	8	0.000000
	16	9	0.000000
	16	10	0.000000
	16	11	0.000000
	16	12	0.000000
	16	13	0.000000
	16	14	0.000000
	16	15	0.000000
	16	16	0.000000
	16	17	0.000000
	16	18	0.000000
	16	19	0.000000
	16	20	0.000000
	16	21	0.000000
	17	1	0.500000
	17	2	0.249472
	17	3	0.071848
	17	4	0.000000
	17	5	0.000000
	17	6	0.000000
	17	7	0.000000
	17	8	0.000000
	17	9	0.000000
	17	10	0.000000
	17	11	0.000000
	17	12	0.000000
	17	13	0.000000
	17	14	0.000000
	17	15	0.000000
	17	16	0.000000
	17	17	0.000000
	17	18	0.000000
	17	19	0.000000
	17	20	0.000000
	17	21	0.000000
	18	1	0.500000
	18	2	0.247538
	18	3	0.071291
	18	4	0.000000
	18	5	0.000000
	18	6	0.000000
	18	7	0.000000
	18	8	0.000000
	18	9	0.000000
	18	10	0.000000
	18	11	0.000000
	18	12	0.000000
	18	13	0.000000
	18	14	0.000000
	18	15	0.000000
	18	16	0.000000
	18	17	0.000000
	18	18	0.000000
	18	19	0.000000
	18	20	0.000000
	18	21	0.000000
	19	1	0.500000
	19	2	0.238515
	19	3	0.068692
	19	4	0.000000
	19	5	0.000000
	19	6	0.000000
	19	7	0.000000
	19	8	0.000000
	19	9	0.000000
	19	10	0.000000
	19	11	0.000000
	19	12	0.000000
	19	13	0.000000
	19	14	0.000000
	19	15	0.000000
	19	16	0.000000
	19	17	0.000000
	19	18	0.000000
	19	19	0.000000
	19	20	0.000000
	19	21	0.000000
	20	1	0.500000
	20	2	0.196417
	20	3	0.056568
	20	4	0.000000
	20	5	0.000000
	20	6	0.000000
	20	7	0.000000
	20	8	0.000000
	20	9	0.000000
	20	10	0.000000
	20	11	0.000000
	20	12	0.000000
	20	13	0.000000
	20	14	0.000000
	20	15	0.000000
	20	16	0.000000
	20	17	0.000000
	20	18	0.000000
	20	19	0.000000
	20	20	0.000000
	20	21	0.000000
	21	1	0.000000
	21	2	0.078098
	21	3	0.000000
	21	4	0.000000
	21	5	0.000000
	21	6	0.000000
	21	7	0.000000
	21	8	0.000000
	21	9	0.000000
	21	10	0.000000
	21	11	0.000000
	21	12	0.000000
	21	13	0.000000
	21	14	0.000000
	21	15	0.000000
	21	16	0.000000
	21	17	0.000000
	21	18	0.000000
	21	19	0.000000
	21	20	0.000000
	21	21	0.000000
	22	1	0.500000
	22	2	0.194074
	22	3	0.055893
	22	4	0.000000
	22	5	0.000000
	22	6	0.000000
	22	7	0.000000
	22	8	0.000000
	22	9	0.000000
	22	10	0.000000
	22	11	0.000000
	22	12	0.000000
	22	13	0.000000
	22	14	0.000000
	22	15	0.000000
	22	16	0.000000
	22	17	0.000000
	22	18	0.000000
	22	19	0.000000
	22	20	0.000000
	22	21	0.000000
	23	1	0.500000
	23	2	0.227079
	23	3	0.065399
	23	4	0.000000
	23	5	0.000000
	23	6	0.000000
	23	7	0.000000
	23	8	0.000000
	23	9	0.000000
	23	10	0.000000
	23	11	0.000000
	23	12	0.000000
	23	13	0.000000
	23	14	0.000000
	23	15	0.000000
	23	16	0.000000
	23	17	0.000000
	23	18	0.000000
	23	19	0.000000
	23	20	0.000000
	23	21	0.000000
	24	1	0.500000
	24	2	0.194074
	24	3	0.055893
	24	4	0.000000
	24	5	0.000000
	24	6	0.000000
	24	7	0.000000
	24	8	0.000000
	24	9	0.000000
	24	10	0.000000
	24	11	0.000000
	24	12	0.000000
	24	13	0.000000
	24	14	0.000000
	24	15	0.000000
	24	16	0.000000
	24	17	0.000000
	24	18	0.000000
	24	19	0.000000
	24	20	0.000000
	24	21	0.000000
	25	1	0.500000
	25	2	0.000000
	25	3	0.000000
	25	4	0.000000
	25	5	0.000000
	25	6	0.000000
	25	7	0.000000
	25	8	0.000000
	25	9	0.000000
	25	10	0.000000
	25	11	0.000000
	25	12	0.000000
	25	13	0.000000
	25	14	0.000000
	25	15	0.000000
	25	16	0.000000
	25	17	0.000000
	25	18	0.000000
	25	19	0.000000
	25	20	0.000000
	25	21	0.000000
