           0   0.0000000000000000     
           1   2.1230024324154488E-002
           2   4.1447568347512440E-002
           3   6.0680633955351455E-002
           4   7.8957023034883167E-002
           5   9.6304240144826539E-002
           6  0.11274939829386905     
           7  0.12831912870521134     
           8  0.14303949533296864     
           9  0.15693591474661175     
          10  0.17003308186562421     
          11  0.18235490185918971     
          12  0.19392442839620033     
          13  0.20476380827108026     
          14  0.21489423232740129     
          15  0.22433589246655350     
          16  0.23310794446345423     
          17  0.24122847620954890     
          18  0.24871448097924242     
          19  0.25558183524685113     
          20  0.26184528059428008     
          21  0.26751840920776343     
          22  0.27261365250476105     
          23  0.27714227240983047     
          24  0.28111435486221942     
          25  0.28453880512786772     
          26  0.28742334456607244     
          27  0.28977450849735886     
          28  0.29159764490454115     
          29  0.29289691369766946     
          30  0.29367528636300294     
          31  0.29393454581518885     
          32  0.29367528636300294     
          33  0.29289691369766946     
          34  0.29159764490454115     
          35  0.28977450849735886     
          36  0.28742334456607244     
          37  0.28453880512786772     
          38  0.28111435486221942     
          39  0.27714227240983047     
          40  0.27261365250476105     
          41  0.26751840920776343     
          42  0.26184528059428008     
          43  0.25558183524685113     
          44  0.24871448097924242     
          45  0.24122847620954890     
          46  0.23310794446345423     
          47  0.22433589246655350     
          48  0.21489423232740129     
          49  0.20476380827108026     
          50  0.19392442839620033     
          51  0.18235490185918971     
          52  0.17003308186562421     
          53  0.15693591474661175     
          54  0.14303949533296864     
          55  0.12831912870521134     
          56  0.11274939829386905     
          57   9.6304240144826539E-002
          58   7.8957023034883167E-002
          59   6.0680633955351455E-002
          60   4.1447568347512440E-002
          61   2.1230024324154488E-002
          62   0.0000000000000000     
