           0   0.0000000000000000     
           1   2.0991998430382981E-002
           2   4.0972127569355921E-002
           3   5.9968998742122220E-002
           4   7.8011020144950302E-002
           5   9.5126297953338809E-002
           6  0.11134254056314424     
           7  0.12668696681779210     
           8  0.14118621902719511     
           9  0.15486628135471084     
          10  0.16775240410953154     
          11  0.17986903420410510     
          12  0.19123975203189167     
          13  0.20188721472093710     
          14  0.21183310576933381     
          15  0.22109809076573891     
          16  0.22970177901424341     
          17  0.23766269058653591     
          18  0.24499822850702918     
          19  0.25172465548850992     
          20  0.25785707487914195     
          21  0.26340941519853373     
          22  0.26839441793445012     
          23  0.27282362798849896     
          24  0.27670738649254528     
          25  0.28005482542953519     
          26  0.28287386385508057     
          27  0.28517120522025208     
          28  0.28695233567925116     
          29  0.28822152296097053     
          30  0.28898181578030807     
          31  0.28923504345268797     
          32  0.28898181578030807     
          33  0.28822152296097053     
          34  0.28695233567925116     
          35  0.28517120522025208     
          36  0.28287386385508057     
          37  0.28005482542953519     
          38  0.27670738649254528     
          39  0.27282362798849896     
          40  0.26839441793445012     
          41  0.26340941519853373     
          42  0.25785707487914195     
          43  0.25172465548850992     
          44  0.24499822850702918     
          45  0.23766269058653591     
          46  0.22970177901424341     
          47  0.22109809076573891     
          48  0.21183310576933381     
          49  0.20188721472093710     
          50  0.19123975203189167     
          51  0.17986903420410510     
          52  0.16775240410953154     
          53  0.15486628135471084     
          54  0.14118621902719511     
          55  0.12668696681779210     
          56  0.11134254056314424     
          57   9.5126297953338809E-002
          58   7.8011020144950302E-002
          59   5.9968998742122220E-002
          60   4.0972127569355921E-002
          61   2.0991998430382981E-002
          62   0.0000000000000000     
