           0   0.0000000000000000     
           1   2.0143726963873742E-002
           2   3.9277762231069671E-002
           3   5.7432889125933015E-002
           4   7.4639676681448122E-002
           5   9.0928375180673662E-002
           6  0.10632881491710497     
           7  0.12087030894132193     
           8  0.13458156074162159     
           9  0.14749057729297052     
          10  0.15962458820849909     
          11  0.17100997105635987     
          12  0.18167218334681212     
          13  0.19163570089548046     
          14  0.20092396286857572     
          15  0.20955932291352275     
          16  0.21756300654108907     
          17  0.22495507393511749     
          18  0.23175438828585557     
          19  0.23797858867405086     
          20  0.24364406759648435     
          21  0.24876595208072402     
          22  0.25335808852562763     
          23  0.25743303019087604     
          24  0.26100202755257995     
          25  0.26407502046324755     
          26  0.26666063243301891     
          27  0.26876616601196163     
          28  0.27039759969758087     
          29  0.27155958540598835     
          30  0.27225544703746407     
          31  0.27248717924493576     
          32  0.27225544703746407     
          33  0.27155958540598835     
          34  0.27039759969758087     
          35  0.26876616601196163     
          36  0.26666063243301891     
          37  0.26407502046324755     
          38  0.26100202755257995     
          39  0.25743303019087604     
          40  0.25335808852562763     
          41  0.24876595208072402     
          42  0.24364406759648435     
          43  0.23797858867405086     
          44  0.23175438828585557     
          45  0.22495507393511749     
          46  0.21756300654108907     
          47  0.20955932291352275     
          48  0.20092396286857572     
          49  0.19163570089548046     
          50  0.18167218334681212     
          51  0.17100997105635987     
          52  0.15962458820849909     
          53  0.14749057729297052     
          54  0.13458156074162159     
          55  0.12087030894132193     
          56  0.10632881491710497     
          57   9.0928375180673662E-002
          58   7.4639676681448122E-002
          59   5.7432889125933015E-002
          60   3.9277762231069671E-002
          61   2.0143726963873742E-002
          62   0.0000000000000000     
