           0   0.0000000000000000     
           1   1.8509549032375613E-002
           2   3.6013609576527883E-002
           3   5.2547157177400834E-002
           4   6.8144931173304599E-002
           5   8.2841319319349974E-002
           6   9.6670245810075842E-002
           7  0.10966506330634787     
           8  0.12185845019323742     
           9  0.13328231323115800     
          10  0.14396769671826770     
          11  0.15394469784788764     
          12  0.16324238924992709     
          13  0.17188874794019171     
          14  0.17991059156244346     
          15  0.18733352074680434     
          16  0.19418186841837057     
          17  0.20047865456085154     
          18  0.20624554728066127     
          19  0.21150282844327031     
          20  0.21626936479587450     
          21  0.22056258269300102     
          22  0.22439844745059478     
          23  0.22779144535394458     
          24  0.23075456948229423     
          25  0.23329930733341298     
          26  0.23543563155831249     
          27  0.23717199178396231     
          28  0.23851530897920653     
          29  0.23947097036396550     
          30  0.24004282645121316     
          31  0.24023318826621351     
          32  0.24004282645121316     
          33  0.23947097036396550     
          34  0.23851530897920653     
          35  0.23717199178396231     
          36  0.23543563155831249     
          37  0.23329930733341298     
          38  0.23075456948229423     
          39  0.22779144535394458     
          40  0.22439844745059478     
          41  0.22056258269300102     
          42  0.21626936479587450     
          43  0.21150282844327031     
          44  0.20624554728066127     
          45  0.20047865456085154     
          46  0.19418186841837057     
          47  0.18733352074680434     
          48  0.17991059156244346     
          49  0.17188874794019171     
          50  0.16324238924992709     
          51  0.15394469784788764     
          52  0.14396769671826770     
          53  0.13328231323115800     
          54  0.12185845019323742     
          55  0.10966506330634787     
          56   9.6670245810075842E-002
          57   8.2841319319349974E-002
          58   6.8144931173304599E-002
          59   5.2547157177400834E-002
          60   3.6013609576527883E-002
          61   1.8509549032375613E-002
          62   0.0000000000000000     
