           0   0.0000000000000000     
           1   1.7212884134896505E-002
           2   3.3423657591445902E-002
           3   4.8670663911122819E-002
           4   6.2991990876554146E-002
           5   7.6425345452073509E-002
           6   8.9007932343586657E-002
           7  0.10077633666964629     
           8  0.11176641221959163     
           9  0.12201317525321792     
          10  0.13155070528850915     
          11  0.14041205226068093     
          12  0.14862915144312619     
          13  0.15623274496477088     
          14  0.16325231127675435     
          15  0.16971600091938949     
          16  0.17565057995109959     
          17  0.18108137899540588     
          18  0.18603224933255455     
          19  0.19052552369119966     
          20  0.19458198328260357     
          21  0.19822082851932019     
          22  0.20145965511391367     
          23  0.20431443286009965     
          24  0.20679948896555314     
          25  0.20892749315849718     
          26  0.21070944661615951     
          27  0.21215467190356010     
          28  0.21327080614250402     
          29  0.21406379460273520     
          30  0.21453788709140637     
          31  0.21469563436727324     
          32  0.21453788709140637     
          33  0.21406379460273520     
          34  0.21327080614250402     
          35  0.21215467190356010     
          36  0.21070944661615951     
          37  0.20892749315849718     
          38  0.20679948896555314     
          39  0.20431443286009965     
          40  0.20145965511391367     
          41  0.19822082851932019     
          42  0.19458198328260357     
          43  0.19052552369119966     
          44  0.18603224933255455     
          45  0.18108137899540588     
          46  0.17565057995109959     
          47  0.16971600091938949     
          48  0.16325231127675435     
          49  0.15623274496477088     
          50  0.14862915144312619     
          51  0.14041205226068093     
          52  0.13155070528850915     
          53  0.12201317525321792     
          54  0.11176641221959163     
          55  0.10077633666964629     
          56   8.9007932343586657E-002
          57   7.6425345452073509E-002
          58   6.2991990876554146E-002
          59   4.8670663911122819E-002
          60   3.3423657591445902E-002
          61   1.7212884134896505E-002
          62   0.0000000000000000     
