           0   0.0000000000000000     
           1   2.0746141868477102E-002
           2   4.0481045557963523E-002
           3   5.9233951884942168E-002
           4   7.7033895302999908E-002
           5   9.3909603398173336E-002
           6  0.10988939954212737     
           7  0.12500110953142132     
           8  0.13927197305964764     
           9  0.15272856055761622     
          10  0.16539669599600981     
          11  0.17730138585307731     
          12  0.18846675457498899     
          13  0.19891598641201624     
          14  0.20867127372346878     
          15  0.21775377136769672     
          16  0.22618355709696714     
          17  0.23397959737964061     
          18  0.24115971846845538     
          19  0.24774058201933821     
          20  0.25373766504617218     
          21  0.25916524346463171     
          22  0.26403637903144372     
          23  0.26836290893262488     
          24  0.27215543788602570     
          25  0.27542333204828290     
          26  0.27817471467343574     
          27  0.28041646287274635     
          28  0.28215420551607806     
          29  0.28339232169715672     
          30  0.28413393989943064     
          31  0.28438093736513248     
          32  0.28413393989943064     
          33  0.28339232169715672     
          34  0.28215420551607806     
          35  0.28041646287274635     
          36  0.27817471467343574     
          37  0.27542333204828290     
          38  0.27215543788602570     
          39  0.26836290893262488     
          40  0.26403637903144372     
          41  0.25916524346463171     
          42  0.25373766504617218     
          43  0.24774058201933821     
          44  0.24115971846845538     
          45  0.23397959737964061     
          46  0.22618355709696714     
          47  0.21775377136769672     
          48  0.20867127372346878     
          49  0.19891598641201624     
          50  0.18846675457498899     
          51  0.17730138585307731     
          52  0.16539669599600981     
          53  0.15272856055761622     
          54  0.13927197305964764     
          55  0.12500110953142132     
          56  0.10988939954212737     
          57   9.3909603398173336E-002
          58   7.7033895302999908E-002
          59   5.9233951884942168E-002
          60   4.0481045557963523E-002
          61   2.0746141868477102E-002
          62   0.0000000000000000     
