           0   0.0000000000000000     
           1   2.1213585634091283E-002
           2   4.1414733165285073E-002
           3   6.0631486568367046E-002
           4   7.8891689603831305E-002
           5   9.6222888379618621E-002
           6  0.11265223702340581     
           7  0.12820640734097780     
           8  0.14291150322920948     
           9  0.15679298045708631     
          10  0.16987557230075509     
          11  0.18218322134360440     
          12  0.19373901763150167     
          13  0.20456514320384619     
          14  0.21468282292822025     
          15  0.22411228142009759     
          16  0.23287270577630928     
          17  0.24098221373580228     
          18  0.24845782687139287     
          19  0.25531544833204106     
          20  0.26156984468418104     
          21  0.26723463134211495     
          22  0.27232226113757452     
          23  0.27684401553825805     
          24  0.28080999810768814     
          25  0.28422912976947945     
          26  0.28710914553635830     
          27  0.28945659234038934     
          28  0.29127682770686786     
          29  0.29257401899209817     
          30  0.29335114301595328     
          31  0.29360998589764092     
          32  0.29335114301595328     
          33  0.29257401899209817     
          34  0.29127682770686786     
          35  0.28945659234038934     
          36  0.28710914553635830     
          37  0.28422912976947945     
          38  0.28080999810768814     
          39  0.27684401553825805     
          40  0.27232226113757452     
          41  0.26723463134211495     
          42  0.26156984468418104     
          43  0.25531544833204106     
          44  0.24845782687139287     
          45  0.24098221373580228     
          46  0.23287270577630928     
          47  0.22411228142009759     
          48  0.21468282292822025     
          49  0.20456514320384619     
          50  0.19373901763150167     
          51  0.18218322134360440     
          52  0.16987557230075509     
          53  0.15679298045708631     
          54  0.14291150322920948     
          55  0.12820640734097780     
          56  0.11265223702340581     
          57   9.6222888379618621E-002
          58   7.8891689603831305E-002
          59   6.0631486568367046E-002
          60   4.1414733165285073E-002
          61   2.1213585634091283E-002
          62   0.0000000000000000     
