           0   0.0000000000000000     
           1   1.9133865387531954E-002
           2   3.7260633605845639E-002
           3   5.4413675791003611E-002
           4   7.0626135391769818E-002
           5   8.5930817033376392E-002
           6  0.10036007870637792     
           7  0.11394572794661788     
           8  0.12671892312452948     
           9  0.13871008010944863     
          10  0.14994878527868408     
          11  0.16046371469990928     
          12  0.17028256028971087     
          13  0.17943196235682082     
          14  0.18793744919307254     
          15  0.19582338275806618     
          16  0.20311291103641746     
          17  0.20982792582996901     
          18  0.21598902654498212     
          19  0.22161548853586269     
          20  0.22672523660659552     
          21  0.23133482210507947     
          22  0.23545940429866877     
          23  0.23911273440003472     
          24  0.24230714304785347     
          25  0.24505352959067372     
          26  0.24736135410809609     
          27  0.24923863052950840     
          28  0.25069192191531625     
          29  0.25172633629636615     
          30  0.25234552426020335     
          31  0.25255167673336332     
          32  0.25234552426020335     
          33  0.25172633629636615     
          34  0.25069192191531625     
          35  0.24923863052950840     
          36  0.24736135410809609     
          37  0.24505352959067372     
          38  0.24230714304785347     
          39  0.23911273440003472     
          40  0.23545940429866877     
          41  0.23133482210507947     
          42  0.22672523660659552     
          43  0.22161548853586269     
          44  0.21598902654498212     
          45  0.20982792582996901     
          46  0.20311291103641746     
          47  0.19582338275806618     
          48  0.18793744919307254     
          49  0.17943196235682082     
          50  0.17028256028971087     
          51  0.16046371469990928     
          52  0.14994878527868408     
          53  0.13871008010944863     
          54  0.12671892312452948     
          55  0.11394572794661788     
          56  0.10036007870637792     
          57   8.5930817033376392E-002
          58   7.0626135391769818E-002
          59   5.4413675791003611E-002
          60   3.7260633605845639E-002
          61   1.9133865387531954E-002
          62   0.0000000000000000     
