           0   0.0000000000000000     
           1   1.2425092264347128E-002
           2   2.3863016919479473E-002
           3   3.4366960282947771E-002
           4   4.3989654181777540E-002
           5   5.2783155630309719E-002
           6   6.0798635518589397E-002
           7   6.8086177454897409E-002
           8   7.4694590625933657E-002
           9   8.0671236524763476E-002
          10   8.6061873367682659E-002
          11   9.0910516696847604E-002
          12   9.5259319756920896E-002
          13   9.9148470848960515E-002
          14  0.10261611090726688     
          15  0.10569826737005138     
          16  0.10842880721137454     
          17  0.11083940430580587     
          18  0.11295952363878869     
          19  0.11481641690597832     
          20  0.11643513172759055     
          21  0.11783852867165910     
          22  0.11904730812250293     
          23  0.12008004110063739     
          24  0.12095320599620406     
          25  0.12168122546132860     
          26  0.12227650547382049     
          27  0.12274947113761127     
          28  0.12310860140830503     
          29  0.12336045775856351     
          30  0.12350970926680895     
          31  0.12355914967037014     
          32  0.12350970926680895     
          33  0.12336045775856351     
          34  0.12310860140830503     
          35  0.12274947113761127     
          36  0.12227650547382049     
          37  0.12168122546132860     
          38  0.12095320599620406     
          39  0.12008004110063739     
          40  0.11904730812250293     
          41  0.11783852867165910     
          42  0.11643513172759055     
          43  0.11481641690597832     
          44  0.11295952363878869     
          45  0.11083940430580587     
          46  0.10842880721137454     
          47  0.10569826737005138     
          48  0.10261611090726688     
          49   9.9148470848960515E-002
          50   9.5259319756920896E-002
          51   9.0910516696847604E-002
          52   8.6061873367682659E-002
          53   8.0671236524763476E-002
          54   7.4694590625933657E-002
          55   6.8086177454897409E-002
          56   6.0798635518589397E-002
          57   5.2783155630309719E-002
          58   4.3989654181777540E-002
          59   3.4366960282947771E-002
          60   2.3863016919479473E-002
          61   1.2425092264347128E-002
          62   0.0000000000000000     
