           0   0.0000000000000000     
           1   2.0502254773574109E-002
           2   3.9993897434672562E-002
           3   5.8504793257891007E-002
           4   7.6064597946382304E-002
           5   9.2702655527071090E-002
           6  0.10844789942838927     
           7  0.12332875754412420     
           8  0.13737306217100317     
           9  0.15060796531435811     
          10  0.16305986001287831     
          11  0.17475430782844262     
          12  0.18571597290039896     
          13  0.19596856237571278     
          14  0.20553477339408718     
          15  0.21443624615819057     
          16  0.22269352310851362     
          17  0.23032601352556314     
          18  0.23735196349043114     
          19  0.24378843039591963     
          20  0.24965126191724671     
          21  0.25495507857183908     
          22  0.25971325980826049     
          23  0.26393793274412469     
          24  0.26763996356073738     
          25  0.27082895070214236     
          26  0.27351321997550720     
          27  0.27569982075269567     
          28  0.27739452346879245     
          29  0.27860181768448250     
          30  0.27932491100855067     
          31  0.27956572822354603     
          32  0.27932491100855067     
          33  0.27860181768448250     
          34  0.27739452346879245     
          35  0.27569982075269567     
          36  0.27351321997550720     
          37  0.27082895070214236     
          38  0.26763996356073738     
          39  0.26393793274412469     
          40  0.25971325980826049     
          41  0.25495507857183908     
          42  0.24965126191724671     
          43  0.24378843039591963     
          44  0.23735196349043114     
          45  0.23032601352556314     
          46  0.22269352310851362     
          47  0.21443624615819057     
          48  0.20553477339408718     
          49  0.19596856237571278     
          50  0.18571597290039896     
          51  0.17475430782844262     
          52  0.16305986001287831     
          53  0.15060796531435811     
          54  0.13737306217100317     
          55  0.12332875754412420     
          56  0.10844789942838927     
          57   9.2702655527071090E-002
          58   7.6064597946382304E-002
          59   5.8504793257891007E-002
          60   3.9993897434672562E-002
          61   2.0502254773574109E-002
          62   0.0000000000000000     
