           0   0.0000000000000000     
           1   9.6371290822060002E-003
           2   1.8301521677127754E-002
           3   2.6060570882339634E-002
           4   3.2980772842082340E-002
           5   3.9127300314326825E-002
           6   4.4563602992857415E-002
           7   4.9351040253456310E-002
           8   5.3548554608643856E-002
           9   5.7212388398694365E-002
          10   6.0395850065768093E-002
          11   6.3149129104949644E-002
          12   6.5519163665849797E-002
          13   6.7549556666950075E-002
          14   6.9280542018168398E-002
          15   7.0748994204052021E-002
          16   7.1988480800695073E-002
          17   7.3029349460736984E-002
          18   7.3898847503582471E-002
          19   7.4621264906941834E-002
          20   7.5218098066877792E-002
          21   7.5708225281669997E-002
          22   7.6108091168089670E-002
          23   7.6431891815002859E-002
          24   7.6691758190714249E-002
          25   7.6897930881140733E-002
          26   7.7058924270089257E-002
          27   7.7181674669920833E-002
          28   7.7271671234654477E-002
          29   7.7333065546369720E-002
          30   7.7368759448414676E-002
          31   7.7380468227699756E-002
          32   7.7368759448414676E-002
          33   7.7333065546369720E-002
          34   7.7271671234654477E-002
          35   7.7181674669920833E-002
          36   7.7058924270089257E-002
          37   7.6897930881140733E-002
          38   7.6691758190714249E-002
          39   7.6431891815002859E-002
          40   7.6108091168089670E-002
          41   7.5708225281669997E-002
          42   7.5218098066877792E-002
          43   7.4621264906941834E-002
          44   7.3898847503582471E-002
          45   7.3029349460736984E-002
          46   7.1988480800695073E-002
          47   7.0748994204052021E-002
          48   6.9280542018168398E-002
          49   6.7549556666950075E-002
          50   6.5519163665849797E-002
          51   6.3149129104949644E-002
          52   6.0395850065768093E-002
          53   5.7212388398694365E-002
          54   5.3548554608643856E-002
          55   4.9351040253456310E-002
          56   4.4563602992857415E-002
          57   3.9127300314326825E-002
          58   3.2980772842082340E-002
          59   2.6060570882339634E-002
          60   1.8301521677127754E-002
          61   9.6371290822060002E-003
          62   0.0000000000000000     
