           0   0.0000000000000000     
           1   2.0912045820148242E-002
           2   4.0812427586382032E-002
           3   5.9729961334215737E-002
           4   7.7693258918564587E-002
           5   9.4730628597430186E-002
           6  0.11086997875663598     
           7  0.12613872562064618     
           8  0.14056370576847815     
           9  0.15417109401765458     
          10  0.16698632723213555     
          11  0.17903403429528281     
          12  0.19033797252667811     
          13  0.20092097047475946     
          14  0.21080487711959386     
          15  0.22001051716070705     
          16  0.22855765224195460     
          17  0.23646494760368630     
          18  0.24374994390466867     
          19  0.25042903359452878     
          20  0.25651744153807365     
          21  0.26202920922867290     
          22  0.26697718230611711     
          23  0.27137300072345094     
          24  0.27522709133122586     
          25  0.27854866226616276     
          26  0.28134569898964967     
          27  0.28362496142744681     
          28  0.28539198214522371     
          29  0.28665106508798488     
          30  0.28740528491155620     
          31  0.28765648651727860     
          32  0.28740528491155620     
          33  0.28665106508798488     
          34  0.28539198214522371     
          35  0.28362496142744681     
          36  0.28134569898964967     
          37  0.27854866226616276     
          38  0.27522709133122586     
          39  0.27137300072345094     
          40  0.26697718230611711     
          41  0.26202920922867290     
          42  0.25651744153807365     
          43  0.25042903359452878     
          44  0.24374994390466867     
          45  0.23646494760368630     
          46  0.22855765224195460     
          47  0.22001051716070705     
          48  0.21080487711959386     
          49  0.20092097047475946     
          50  0.19033797252667811     
          51  0.17903403429528281     
          52  0.16698632723213555     
          53  0.15417109401765458     
          54  0.14056370576847815     
          55  0.12613872562064618     
          56  0.11086997875663598     
          57   9.4730628597430186E-002
          58   7.7693258918564587E-002
          59   5.9729961334215737E-002
          60   4.0812427586382032E-002
          61   2.0912045820148242E-002
          62   0.0000000000000000     
