           0   0.0000000000000000     
           1   1.9815335278656431E-002
           2   3.8621822081695983E-002
           3   5.6451084782971596E-002
           4   7.3334529133129989E-002
           5   8.9303235641031556E-002
           6  0.10438785620775261     
           7  0.11861851474740163     
           8  0.13202471279758762     
           9  0.14463524049894116     
          10  0.15647809375422761     
          11  0.16758039755369630     
          12  0.17796833606822571     
          13  0.18766708911957491     
          14  0.19670077544960454     
          15  0.20509240207581328     
          16  0.21286382003353629     
          17  0.22003568554655289     
          18  0.22662742687314158     
          19  0.23265721570353151     
          20  0.23814194336571162     
          21  0.24309720062086207     
          22  0.24753726136476387     
          23  0.25147506897838162     
          24  0.25492222573618795     
          25  0.25788898401872173     
          26  0.26038423984755860     
          27  0.26241552752096187     
          28  0.26398901598333629     
          29  0.26510950575774539     
          30  0.26578042718676320     
          31  0.26600383887549339     
          32  0.26578042718676320     
          33  0.26510950575774539     
          34  0.26398901598333629     
          35  0.26241552752096187     
          36  0.26038423984755860     
          37  0.25788898401872173     
          38  0.25492222573618795     
          39  0.25147506897838162     
          40  0.24753726136476387     
          41  0.24309720062086207     
          42  0.23814194336571162     
          43  0.23265721570353151     
          44  0.22662742687314158     
          45  0.22003568554655289     
          46  0.21286382003353629     
          47  0.20509240207581328     
          48  0.19670077544960454     
          49  0.18766708911957491     
          50  0.17796833606822571     
          51  0.16758039755369630     
          52  0.15647809375422761     
          53  0.14463524049894116     
          54  0.13202471279758762     
          55  0.11861851474740163     
          56  0.10438785620775261     
          57   8.9303235641031556E-002
          58   7.3334529133129989E-002
          59   5.6451084782971596E-002
          60   3.8621822081695983E-002
          61   1.9815335278656431E-002
          62   0.0000000000000000     
