           0   0.0000000000000000     
           1   2.1153895274910298E-002
           2   4.1295505671283025E-002
           3   6.0453027994686673E-002
           4   7.8654458051263032E-002
           5   9.5927492817907814E-002
           6  0.11229943572903917     
           7  0.12779710594944929     
           8  0.14244675241175897     
           9  0.15627397322191031     
          10  0.16930364093253727     
          11  0.18155983398136491     
          12  0.19306577450232384     
          13  0.20384377251248018     
          14  0.21391517642365318     
          15  0.22330032963908980     
          16  0.23201853298830075     
          17  0.24008801258918930     
          18  0.24752589276864295     
          19  0.25434817353364653     
          20  0.26056971217170127     
          21  0.26620420844030801     
          22  0.27126419292834075     
          23  0.27576101806639514     
          24  0.27970485141331763     
          25  0.28310467074714385     
          26  0.28596826065742664     
          27  0.28830221023877234     
          28  0.29011191166608047     
          29  0.29140155933367234     
          30  0.29217414942825165     
          31  0.29243147970507161     
          32  0.29217414942825165     
          33  0.29140155933367234     
          34  0.29011191166608047     
          35  0.28830221023877234     
          36  0.28596826065742664     
          37  0.28310467074714385     
          38  0.27970485141331763     
          39  0.27576101806639514     
          40  0.27126419292834075     
          41  0.26620420844030801     
          42  0.26056971217170127     
          43  0.25434817353364653     
          44  0.24752589276864295     
          45  0.24008801258918930     
          46  0.23201853298830075     
          47  0.22330032963908980     
          48  0.21391517642365318     
          49  0.20384377251248018     
          50  0.19306577450232384     
          51  0.18155983398136491     
          52  0.16930364093253727     
          53  0.15627397322191031     
          54  0.14244675241175897     
          55  0.12779710594944929     
          56  0.11229943572903917     
          57   9.5927492817907814E-002
          58   7.8654458051263032E-002
          59   6.0453027994686673E-002
          60   4.1295505671283025E-002
          61   2.1153895274910298E-002
          62   0.0000000000000000     
