           0   0.0000000000000000     
           1   2.1138669518527317E-002
           2   4.1265093242832243E-002
           3   6.0407506962405128E-002
           4   7.8593945267038182E-002
           5   9.5852143617127863E-002
           6  0.11220944353210516     
           7  0.12769270176494904     
           8  0.14232820424385170     
           9  0.15614158538192238     
          10  0.16915775325830035     
          11  0.18140082096429735     
          12  0.19289404432673332     
          13  0.20365976600708785     
          14  0.21371936593071880     
          15  0.22309321780113769     
          16  0.23180065145867160     
          17  0.23985992066641773     
          18  0.24728817596166747     
          19  0.25410144205785179     
          20  0.26031459938350948     
          21  0.26594136921031813     
          22  0.27099430196136431     
          23  0.27548476816838691     
          24  0.27942295171409437     
          25  0.28281784487888945     
          26  0.28567724489833174     
          27  0.28800775162180486     
          28  0.28981476606259438     
          29  0.29110248951185097     
          30  0.29187392309634957     
          31  0.29213086753945439     
          32  0.29187392309634957     
          33  0.29110248951185097     
          34  0.28981476606259438     
          35  0.28800775162180486     
          36  0.28567724489833174     
          37  0.28281784487888945     
          38  0.27942295171409437     
          39  0.27548476816838691     
          40  0.27099430196136431     
          41  0.26594136921031813     
          42  0.26031459938350948     
          43  0.25410144205785179     
          44  0.24728817596166747     
          45  0.23985992066641773     
          46  0.23180065145867160     
          47  0.22309321780113769     
          48  0.21371936593071880     
          49  0.20365976600708785     
          50  0.19289404432673332     
          51  0.18140082096429735     
          52  0.16915775325830035     
          53  0.15614158538192238     
          54  0.14232820424385170     
          55  0.12769270176494904     
          56  0.11220944353210516     
          57   9.5852143617127863E-002
          58   7.8593945267038182E-002
          59   6.0407506962405128E-002
          60   4.1265093242832243E-002
          61   2.1138669518527317E-002
          62   0.0000000000000000     
