           0   0.0000000000000000     
           1   2.0675035994013949E-002
           2   4.0339016338649114E-002
           3   5.9021363911107738E-002
           4   7.6751294290317476E-002
           5   9.3557714785793250E-002
           6  0.10946912663152691     
           7  0.12451353116596810     
           8  0.13871834085678764     
           9  0.15211029569369114     
          10  0.16471538556020526     
          11  0.17655877877050802     
          12  0.18766475711984404     
          13  0.19805665731077093     
          14  0.20775681887329286     
          15  0.21678653817006530     
          16  0.22516602843555233     
          17  0.23291438524248917     
          18  0.24004955724717914     
          19  0.24658832148532295     
          20  0.25254626303984268     
          21  0.25793775829777782     
          22  0.26277596164158812     
          23  0.26707279478943513     
          24  0.27083893869129411     
          25  0.27408382722947411     
          26  0.27681564271444342     
          27  0.27904131248185537     
          28  0.28076650667644382     
          29  0.28199563659979582     
          30  0.28273185380523885     
          31  0.28297704939592366     
          32  0.28273185380523885     
          33  0.28199563659979582     
          34  0.28076650667644382     
          35  0.27904131248185537     
          36  0.27681564271444342     
          37  0.27408382722947411     
          38  0.27083893869129411     
          39  0.26707279478943513     
          40  0.26277596164158812     
          41  0.25793775829777782     
          42  0.25254626303984268     
          43  0.24658832148532295     
          44  0.24004955724717914     
          45  0.23291438524248917     
          46  0.22516602843555233     
          47  0.21678653817006530     
          48  0.20775681887329286     
          49  0.19805665731077093     
          50  0.18766475711984404     
          51  0.17655877877050802     
          52  0.16471538556020526     
          53  0.15211029569369114     
          54  0.13871834085678764     
          55  0.12451353116596810     
          56  0.10946912663152691     
          57   9.3557714785793250E-002
          58   7.6751294290317476E-002
          59   5.9021363911107738E-002
          60   4.0339016338649114E-002
          61   2.0675035994013949E-002
          62   0.0000000000000000     
