           0   0.0000000000000000     
           1   7.7954815846715030E-003
           2   1.4633177592075169E-002
           3   2.0595064593003049E-002
           4   2.5761502453225851E-002
           5   3.0210485259475166E-002
           6   3.4016960889800475E-002
           7   3.7252235665968914E-002
           8   3.9983478967819897E-002
           9   4.2273335298721487E-002
          10   4.4179649930497729E-002
          11   4.5755306042952880E-002
          12   4.7048170859416732E-002
          13   4.8101140607833506E-002
          14   4.8952275160855083E-002
          15   4.9635007059376610E-002
          16   5.0178412166288419E-002
          17   5.0607525004424683E-002
          18   5.0943685570801533E-002
          19   5.1204902091560346E-002
          20   5.1406218527814816E-002
          21   5.1560074729403382E-002
          22   5.1676651431556614E-002
          23   5.1764192199822992E-002
          24   5.1829298135289359E-002
          25   5.1877191345158766E-002
          26   5.1911945974352697E-002
          27   5.1936685691691388E-002
          28   5.1953748314245790E-002
          29   5.1964818070506645E-002
          30   5.1971026906098228E-002
          31   5.1973025748474538E-002
          32   5.1971026906098228E-002
          33   5.1964818070506645E-002
          34   5.1953748314245790E-002
          35   5.1936685691691388E-002
          36   5.1911945974352697E-002
          37   5.1877191345158766E-002
          38   5.1829298135289359E-002
          39   5.1764192199822992E-002
          40   5.1676651431556614E-002
          41   5.1560074729403382E-002
          42   5.1406218527814816E-002
          43   5.1204902091560346E-002
          44   5.0943685570801533E-002
          45   5.0607525004424683E-002
          46   5.0178412166288419E-002
          47   4.9635007059376610E-002
          48   4.8952275160855083E-002
          49   4.8101140607833506E-002
          50   4.7048170859416732E-002
          51   4.5755306042952880E-002
          52   4.4179649930497729E-002
          53   4.2273335298721487E-002
          54   3.9983478967819897E-002
          55   3.7252235665968914E-002
          56   3.4016960889800475E-002
          57   3.0210485259475166E-002
          58   2.5761502453225851E-002
          59   2.0595064593003049E-002
          60   1.4633177592075169E-002
          61   7.7954815846715030E-003
          62   0.0000000000000000     
