           0   0.0000000000000000     
           1   2.0808677588167866E-002
           2   4.0605956468049119E-002
           3   5.9420917339193136E-002
           4   7.7282435360861892E-002
           5   9.4219080057620905E-002
           6  0.11025901837643641     
           7  0.12542992172985754     
           8  0.13975887786159993     
           9  0.15327230808017078     
          10  0.16599589044045648     
          11  0.17795448909034320     
          12  0.18917209009160230     
          13  0.19967174361659543     
          14  0.20947551259163993     
          15  0.21860442742543479     
          16  0.22707844671679114     
          17  0.23491642338965921     
          18  0.24213607604548237     
          19  0.24875396486607640     
          20  0.25478547182076949     
          21  0.26024478446260996     
          22  0.26514488308571427     
          23  0.26949753053159331     
          24  0.27331326447326271     
          25  0.27660139150376362     
          26  0.27936998293796395     
          27  0.28162587171556563     
          28  0.28337465040581877     
          29  0.28462066977612038     
          30  0.28536703802030294     
          31  0.28561562019012493     
          32  0.28536703802030294     
          33  0.28462066977612038     
          34  0.28337465040581877     
          35  0.28162587171556563     
          36  0.27936998293796395     
          37  0.27660139150376362     
          38  0.27331326447326271     
          39  0.26949753053159331     
          40  0.26514488308571427     
          41  0.26024478446260996     
          42  0.25478547182076949     
          43  0.24875396486607640     
          44  0.24213607604548237     
          45  0.23491642338965921     
          46  0.22707844671679114     
          47  0.21860442742543479     
          48  0.20947551259163993     
          49  0.19967174361659543     
          50  0.18917209009160230     
          51  0.17795448909034320     
          52  0.16599589044045648     
          53  0.15327230808017078     
          54  0.13975887786159993     
          55  0.12542992172985754     
          56  0.11025901837643641     
          57   9.4219080057620905E-002
          58   7.7282435360861892E-002
          59   5.9420917339193136E-002
          60   4.0605956468049119E-002
          61   2.0808677588167866E-002
          62   0.0000000000000000     
