           0   0.0000000000000000     
           1   1.8131723833052362E-002
           2   3.5258936613913758E-002
           3   5.1417588638407369E-002
           4   6.6643388642896664E-002
           5   8.0971685768635462E-002
           6   9.4437354977181989E-002
           7  0.10707468648648784     
           8  0.11891728052255836     
           9  0.12999794748711468     
          10  0.14034861475118554     
          11  0.15000023967075685     
          12  0.15898272992772841     
          13  0.16732487030767268     
          14  0.17505425693429930     
          15  0.18219723764847923     
          16  0.18877885951983542     
          17  0.19482282183836661     
          18  0.20035143560303459     
          19  0.20538558760221770     
          20  0.20994471018716990     
          21  0.21404675466092771     
          22  0.21770816950907801     
          23  0.22094388128875078     
          24  0.22376727955153150     
          25  0.22619020356231631     
          26  0.22822293234730459     
          27  0.22987417581807382     
          28  0.23115106865825191     
          29  0.23205916473489194     
          30  0.23260243386175403     
          31  0.23278325871644504     
          32  0.23260243386175403     
          33  0.23205916473489194     
          34  0.23115106865825191     
          35  0.22987417581807382     
          36  0.22822293234730459     
          37  0.22619020356231631     
          38  0.22376727955153150     
          39  0.22094388128875078     
          40  0.21770816950907801     
          41  0.21404675466092771     
          42  0.20994471018716990     
          43  0.20538558760221770     
          44  0.20035143560303459     
          45  0.19482282183836661     
          46  0.18877885951983542     
          47  0.18219723764847923     
          48  0.17505425693429930     
          49  0.16732487030767268     
          50  0.15898272992772841     
          51  0.15000023967075685     
          52  0.14034861475118554     
          53  0.12999794748711468     
          54  0.11891728052255836     
          55  0.10707468648648784     
          56   9.4437354977181989E-002
          57   8.0971685768635462E-002
          58   6.6643388642896664E-002
          59   5.1417588638407369E-002
          60   3.5258936613913758E-002
          61   1.8131723833052362E-002
          62   0.0000000000000000     
