           0   0.0000000000000000     
           1   1.9390749582529940E-002
           2   3.7773741477690637E-002
           3   5.5181688025392965E-002
           4   7.1647077312874105E-002
           5   8.7202063749841366E-002
           6  0.10187836194073555     
           7  0.11570714454572144     
           8  0.12871894520490340     
           9  0.14094356683424578     
          10  0.15240999620273157     
          11  0.16314632467891074     
          12  0.17317967587365640     
          13  0.18253613966339977     
          14  0.19124071316590016     
          15  0.19931724780562057     
          16  0.20678840294260792     
          17  0.21367560493269885     
          18  0.21999901206120093     
          19  0.22577748403025705     
          20  0.23102855647151904     
          21  0.23576841904990375     
          22  0.24001189770681861     
          23  0.24377243955307040     
          24  0.24706210106707727     
          25  0.24989153809684347     
          26  0.25226999844345066     
          27  0.25420531554383691     
          28  0.25570390415547151     
          29  0.25677075660192300     
          30  0.25740944060127685     
          31  0.25762209729398833     
          32  0.25740944060127685     
          33  0.25677075660192300     
          34  0.25570390415547151     
          35  0.25420531554383691     
          36  0.25226999844345066     
          37  0.24989153809684347     
          38  0.24706210106707727     
          39  0.24377243955307040     
          40  0.24001189770681861     
          41  0.23576841904990375     
          42  0.23102855647151904     
          43  0.22577748403025705     
          44  0.21999901206120093     
          45  0.21367560493269885     
          46  0.20678840294260792     
          47  0.19931724780562057     
          48  0.19124071316590016     
          49  0.18253613966339977     
          50  0.17317967587365640     
          51  0.16314632467891074     
          52  0.15240999620273157     
          53  0.14094356683424578     
          54  0.12871894520490340     
          55  0.11570714454572144     
          56  0.10187836194073555     
          57   8.7202063749841366E-002
          58   7.1647077312874105E-002
          59   5.5181688025392965E-002
          60   3.7773741477690637E-002
          61   1.9390749582529940E-002
          62   0.0000000000000000     
