           0   0.0000000000000000     
           1   2.1079289669711673E-002
           2   4.1146485972493888E-002
           3   6.0229976733599908E-002
           4   7.8357947797533717E-002
           5   9.5558284708831112E-002
           6  0.11185847751697481     
           7  0.12728552956739245     
           8  0.14186587106954779     
           9  0.15562527803307064     
          10  0.16858879708907010     
          11  0.18078067647647802     
          12  0.19222430342305161     
          13  0.20294214790219245     
          14  0.21295571274081160     
          15  0.22228548981225216     
          16  0.23095092209787438     
          17  0.23897037117593456     
          18  0.24636108980325769     
          19  0.25313919904743271     
          20  0.25931966958612229     
          21  0.26491630659543752     
          22  0.26994173785110215     
          23  0.27440740447859174     
          24  0.27832355402302333     
          25  0.28169923532345337     
          26  0.28454229493435967     
          27  0.28685937464832917     
          28  0.28865590994799728     
          29  0.28993612902187399     
          30  0.29070305226281434     
          31  0.29095849196969487     
          32  0.29070305226281434     
          33  0.28993612902187399     
          34  0.28865590994799728     
          35  0.28685937464832917     
          36  0.28454229493435967     
          37  0.28169923532345337     
          38  0.27832355402302333     
          39  0.27440740447859174     
          40  0.26994173785110215     
          41  0.26491630659543752     
          42  0.25931966958612229     
          43  0.25313919904743271     
          44  0.24636108980325769     
          45  0.23897037117593456     
          46  0.23095092209787438     
          47  0.22228548981225216     
          48  0.21295571274081160     
          49  0.20294214790219245     
          50  0.19222430342305161     
          51  0.18078067647647802     
          52  0.16858879708907010     
          53  0.15562527803307064     
          54  0.14186587106954779     
          55  0.12728552956739245     
          56  0.11185847751697481     
          57   9.5558284708831112E-002
          58   7.8357947797533717E-002
          59   6.0229976733599908E-002
          60   4.1146485972493888E-002
          61   2.1079289669711673E-002
          62   0.0000000000000000     
