           0   0.0000000000000000     
           1   1.6656137690879858E-002
           2   3.2311645835441744E-002
           3   4.7006344103723105E-002
           4   6.0779786451078628E-002
           5   7.3671131165467474E-002
           6   8.5719014684130776E-002
           7   9.6961429634359650E-002
           8  0.10743560870102846     
           9  0.11717791419216327     
          10  0.12622373490720309     
          11  0.13460738956264204     
          12  0.14236203835038408     
          13  0.14951960129147196     
          14  0.15611068494494229     
          15  0.16216451561105938     
          16  0.16770888061550526     
          17  0.17277007538363423     
          18  0.17737285797092764     
          19  0.18154040842832489     
          20  0.18529429479654408     
          21  0.18865444287089136     
          22  0.19163911169415532     
          23  0.19426487176204468     
          24  0.19654658808191539     
          25  0.19849740497762608     
          26  0.20012873496927303     
          27  0.20145024858128918     
          28  0.20246986758871785     
          29  0.20319375855784427     
          30  0.20362632935679117     
          31  0.20377022552990776     
          32  0.20362632935679117     
          33  0.20319375855784427     
          34  0.20246986758871785     
          35  0.20145024858128918     
          36  0.20012873496927303     
          37  0.19849740497762608     
          38  0.19654658808191539     
          39  0.19426487176204468     
          40  0.19163911169415532     
          41  0.18865444287089136     
          42  0.18529429479654408     
          43  0.18154040842832489     
          44  0.17737285797092764     
          45  0.17277007538363423     
          46  0.16770888061550526     
          47  0.16216451561105938     
          48  0.15611068494494229     
          49  0.14951960129147196     
          50  0.14236203835038408     
          51  0.13460738956264204     
          52  0.12622373490720309     
          53  0.11717791419216327     
          54  0.10743560870102846     
          55   9.6961429634359650E-002
          56   8.5719014684130776E-002
          57   7.3671131165467474E-002
          58   6.0779786451078628E-002
          59   4.7006344103723105E-002
          60   3.2311645835441744E-002
          61   1.6656137690879858E-002
          62   0.0000000000000000     
