           0   0.0000000000000000     
           1   2.0594185457428863E-002
           2   4.0177522811111401E-002
           3   5.8779641950695793E-002
           4   7.6429964403919873E-002
           5   9.3157601835027554E-002
           6  0.10899125771639670     
           7  0.12395913298626525     
           8  0.13808883656478557     
           9  0.15140730123813870     
          10  0.16394070554038911     
          11  0.17571440180039502     
          12  0.18675285072609984     
          13  0.19707956236466725     
          14  0.20671704358508278     
          15  0.21568675164583842     
          16  0.22400905382963798     
          17  0.23170319250541846     
          18  0.23878725550642219     
          19  0.24527815105880871     
          20  0.25119158712324469     
          21  0.25654205432556954     
          22  0.26134281236619511     
          23  0.26560587907848493     
          24  0.26934202209017993     
          25  0.27256075228922916     
          26  0.27527031913454725     
          27  0.27747770706796621     
          28  0.27918863316457260     
          29  0.28040754534691414     
          30  0.28113762139920501     
          31  0.28138076818471519     
          32  0.28113762139920501     
          33  0.28040754534691414     
          34  0.27918863316457260     
          35  0.27747770706796621     
          36  0.27527031913454725     
          37  0.27256075228922916     
          38  0.26934202209017993     
          39  0.26560587907848493     
          40  0.26134281236619511     
          41  0.25654205432556954     
          42  0.25119158712324469     
          43  0.24527815105880871     
          44  0.23878725550642219     
          45  0.23170319250541846     
          46  0.22400905382963798     
          47  0.21568675164583842     
          48  0.20671704358508278     
          49  0.19707956236466725     
          50  0.18675285072609984     
          51  0.17571440180039502     
          52  0.16394070554038911     
          53  0.15140730123813870     
          54  0.13808883656478557     
          55  0.12395913298626525     
          56  0.10899125771639670     
          57   9.3157601835027554E-002
          58   7.6429964403919873E-002
          59   5.8779641950695793E-002
          60   4.0177522811111401E-002
          61   2.0594185457428863E-002
          62   0.0000000000000000     
