           0   0.0000000000000000     
           1   2.1179062649926986E-002
           2   4.1345775816998429E-002
           3   6.0528271868409637E-002
           4   7.8754482502967418E-002
           5   9.6052041086364059E-002
           6  0.11244818810049374     
           7  0.12796968057885225     
           8  0.14264270630232531     
           9  0.15649280336301685     
          10  0.16954478559011454     
          11  0.18182267414078643     
          12  0.19334963545638781     
          13  0.20414792559448483     
          14  0.21423884087667364     
          15  0.22364267462145598     
          16  0.23237867970498752     
          17  0.24046503654911852     
          18  0.24791882615631561     
          19  0.25475600769510603     
          20  0.26099140020207195     
          21  0.26663866787290935     
          22  0.27171030851158096     
          23  0.27621764462844300     
          24  0.28017081679985584     
          25  0.28357877883220312     
          26  0.28644929441185318     
          27  0.28878893485632973     
          28  0.29060307773114447     
          29  0.29189590603052185     
          30  0.29267040777548653     
          31  0.29292837581516146     
          32  0.29267040777548653     
          33  0.29189590603052185     
          34  0.29060307773114447     
          35  0.28878893485632973     
          36  0.28644929441185318     
          37  0.28357877883220312     
          38  0.28017081679985584     
          39  0.27621764462844300     
          40  0.27171030851158096     
          41  0.26663866787290935     
          42  0.26099140020207195     
          43  0.25475600769510603     
          44  0.24791882615631561     
          45  0.24046503654911852     
          46  0.23237867970498752     
          47  0.22364267462145598     
          48  0.21423884087667364     
          49  0.20414792559448483     
          50  0.19334963545638781     
          51  0.18182267414078643     
          52  0.16954478559011454     
          53  0.15649280336301685     
          54  0.14264270630232531     
          55  0.12796968057885225     
          56  0.11244818810049374     
          57   9.6052041086364059E-002
          58   7.8754482502967418E-002
          59   6.0528271868409637E-002
          60   4.1345775816998429E-002
          61   2.1179062649926986E-002
          62   0.0000000000000000     
