           0   0.0000000000000000     
           1   2.0863676092579303E-002
           2   4.0715812295950567E-002
           3   5.9585348491395018E-002
           4   7.7501019743352245E-002
           5   9.4491256565802914E-002
           6  0.11058408833459425     
           7  0.12580705068584949     
           8  0.14018709772756946     
           9  0.15375051961927458     
          10  0.16652286608684877     
          11  0.17852887610241530     
          12  0.18979241402229730     
          13  0.20033641210079572     
          14  0.21018281943119527     
          15  0.21935255697182746     
          16  0.22786547852895267     
          17  0.23574033716693488     
          18  0.24299475681043517     
          19  0.24964520839712703     
          20  0.25570699030680016     
          21  0.26119421237953017     
          22  0.26611978326483809     
          23  0.27049540041982745     
          24  0.27433154255298642     
          25  0.27763746387240218     
          26  0.28042119001349602     
          27  0.28268951506796813     
          28  0.28444799967939816     
          29  0.28570096970273356     
          30  0.28645151548748421     
          31  0.28670149136412365     
          32  0.28645151548748421     
          33  0.28570096970273356     
          34  0.28444799967939816     
          35  0.28268951506796813     
          36  0.28042119001349602     
          37  0.27763746387240218     
          38  0.27433154255298642     
          39  0.27049540041982745     
          40  0.26611978326483809     
          41  0.26119421237953017     
          42  0.25570699030680016     
          43  0.24964520839712703     
          44  0.24299475681043517     
          45  0.23574033716693488     
          46  0.22786547852895267     
          47  0.21935255697182746     
          48  0.21018281943119527     
          49  0.20033641210079572     
          50  0.18979241402229730     
          51  0.17852887610241530     
          52  0.16652286608684877     
          53  0.15375051961927458     
          54  0.14018709772756946     
          55  0.12580705068584949     
          56  0.11058408833459425     
          57   9.4491256565802914E-002
          58   7.7501019743352245E-002
          59   5.9585348491395018E-002
          60   4.0715812295950567E-002
          61   2.0863676092579303E-002
          62   0.0000000000000000     
