           0   0.0000000000000000     
           1   1.3521085992554079E-002
           2   2.6050907763972883E-002
           3   3.7638595723424109E-002
           4   4.8332906323790878E-002
           5   5.8182039985339967E-002
           6   6.7233465499796252E-002
           7   7.5533751580192363E-002
           8   8.3128408495419845E-002
           9   9.0061739443994648E-002
          10   9.6376704671472330E-002
          11  0.10211479693419462     
          12  0.10731593126073152     
          13  0.11201834660846521     
          14  0.11625852225407093     
          15  0.12007110562874256     
          16  0.12348885431335663     
          17  0.12654258818453151     
          18  0.12926115432630339     
          19  0.13167140016836515     
          20  0.13379815740901746     
          21  0.13566423184583615     
          22  0.13729040167079995     
          23  0.13869541919392706     
          24  0.13989601861120504     
          25  0.14090692477795863     
          26  0.14174086572441799     
          27  0.14240858399926007     
          28  0.14291884975922284     
          29  0.14327847091171991     
          30  0.14349230346531555     
          31  0.14356325768142500     
          32  0.14349230346531555     
          33  0.14327847091171991     
          34  0.14291884975922284     
          35  0.14240858399926007     
          36  0.14174086572441799     
          37  0.14090692477795863     
          38  0.13989601861120504     
          39  0.13869541919392706     
          40  0.13729040167079995     
          41  0.13566423184583615     
          42  0.13379815740901746     
          43  0.13167140016836515     
          44  0.12926115432630339     
          45  0.12654258818453151     
          46  0.12348885431335663     
          47  0.12007110562874256     
          48  0.11625852225407093     
          49  0.11201834660846521     
          50  0.10731593126073152     
          51  0.10211479693419462     
          52   9.6376704671472330E-002
          53   9.0061739443994648E-002
          54   8.3128408495419845E-002
          55   7.5533751580192363E-002
          56   6.7233465499796252E-002
          57   5.8182039985339967E-002
          58   4.8332906323790878E-002
          59   3.7638595723424109E-002
          60   2.6050907763972883E-002
          61   1.3521085992554079E-002
          62   0.0000000000000000     
