           0   0.0000000000000000     
           1   2.1225231580665947E-002
           2   4.1437995163444236E-002
           3   6.0666304904919643E-002
           4   7.8937974900569904E-002
           5   9.6280521822899229E-002
           6  0.11272107066894507     
           7  0.12828626449386757     
           8  0.14300217889719910     
           9  0.15689424187713236     
          10  0.16998715953613736     
          11  0.18230484795160803     
          12  0.19387037139823962     
          13  0.20470588694622188     
          14  0.21483259535891669     
          15  0.22427069807559158     
          16  0.23303936000315059     
          17  0.24115667773515692     
          18  0.24863965279649211     
          19  0.25550416943853521     
          20  0.26176497652749681     
          21  0.26743567302181548     
          22  0.27252869658233875     
          23  0.27705531483147833     
          24  0.28102561884688587     
          25  0.28444851845953772     
          26  0.28733173900942405     
          27  0.28968181920244535     
          28  0.29150410980355118     
          29  0.29280277289376683     
          30  0.29358078151438066     
          31  0.29383991951433797     
          32  0.29358078151438066     
          33  0.29280277289376683     
          34  0.29150410980355118     
          35  0.28968181920244535     
          36  0.28733173900942405     
          37  0.28444851845953772     
          38  0.28102561884688587     
          39  0.27705531483147833     
          40  0.27252869658233875     
          41  0.26743567302181548     
          42  0.26176497652749681     
          43  0.25550416943853521     
          44  0.24863965279649211     
          45  0.24115667773515692     
          46  0.23303936000315059     
          47  0.22427069807559158     
          48  0.21483259535891669     
          49  0.20470588694622188     
          50  0.19387037139823962     
          51  0.18230484795160803     
          52  0.16998715953613736     
          53  0.15689424187713236     
          54  0.14300217889719910     
          55  0.12828626449386757     
          56  0.11272107066894507     
          57   9.6280521822899229E-002
          58   7.8937974900569904E-002
          59   6.0666304904919643E-002
          60   4.1437995163444236E-002
          61   2.1225231580665947E-002
          62   0.0000000000000000     
