           0   0.0000000000000000     
           1   2.0954585716093672E-002
           2   4.0897398178789297E-002
           3   5.9857144504614199E-002
           4   7.7862328189050367E-002
           5   9.4941149969277286E-002
           6  0.11112141182366155     
           7  0.12643042495733006     
           8  0.14089492258571387     
           9  0.15454097808613196     
          10  0.16739392906348599     
          11  0.17947830758098657     
          12  0.19081777682222029     
          13  0.20143507412903425     
          14  0.21135196043452589     
          15  0.22058917578109097     
          16  0.22916640075811828     
          17  0.23710222336697948     
          18  0.24441411103619806     
          19  0.25111838718714241     
          20  0.25723021203003188     
          21  0.26276356694900888     
          22  0.26773124216836353     
          23  0.27214482706773446     
          24  0.27601470288988522     
          25  0.27935003725289148     
          26  0.28215878028605135     
          27  0.28444766186700515     
          28  0.28622218986757531     
          29  0.28748664896349696     
          30  0.28824410000837591     
          31  0.28849637961085700     
          32  0.28824410000837591     
          33  0.28748664896349696     
          34  0.28622218986757531     
          35  0.28444766186700515     
          36  0.28215878028605135     
          37  0.27935003725289148     
          38  0.27601470288988522     
          39  0.27214482706773446     
          40  0.26773124216836353     
          41  0.26276356694900888     
          42  0.25723021203003188     
          43  0.25111838718714241     
          44  0.24441411103619806     
          45  0.23710222336697948     
          46  0.22916640075811828     
          47  0.22058917578109097     
          48  0.21135196043452589     
          49  0.20143507412903425     
          50  0.19081777682222029     
          51  0.17947830758098657     
          52  0.16739392906348599     
          53  0.15454097808613196     
          54  0.14089492258571387     
          55  0.12643042495733006     
          56  0.11112141182366155     
          57   9.4941149969277286E-002
          58   7.7862328189050367E-002
          59   5.9857144504614199E-002
          60   4.0897398178789297E-002
          61   2.0954585716093672E-002
          62   0.0000000000000000     
