           0   0.0000000000000000     
           1   1.6021807771807835E-002
           2   3.1044713064335223E-002
           3   4.5110255899816140E-002
           4   5.8259697238866121E-002
           5   7.0533882508169388E-002
           6   8.1973109139829761E-002
           7   9.2616998549656035E-002
           8  0.10250437432665040     
           9  0.11167314641837035     
          10  0.12016020311837429     
          11  0.12800130996509751     
          12  0.13523101735315216     
          13  0.14188257531851048     
          14  0.14798785729986680     
          15  0.15357729076354368     
          16  0.15867979653185732     
          17  0.16332273422861421     
          18  0.16753185576744864     
          19  0.17133126393128875     
          20  0.17474337810007351     
          21  0.17778890391233809     
          22  0.18048680908369866     
          23  0.18285430199498509     
          24  0.18490681545926668     
          25  0.18665799218229087     
          26  0.18811967451861997     
          27  0.18930189500020547     
          28  0.19021287042862992     
          29  0.19085899601870163     
          30  0.19124484256149538     
          31  0.19137315314525705     
          32  0.19124484256149538     
          33  0.19085899601870163     
          34  0.19021287042862992     
          35  0.18930189500020547     
          36  0.18811967451861997     
          37  0.18665799218229087     
          38  0.18490681545926668     
          39  0.18285430199498509     
          40  0.18048680908369866     
          41  0.17778890391233809     
          42  0.17474337810007351     
          43  0.17133126393128875     
          44  0.16753185576744864     
          45  0.16332273422861421     
          46  0.15867979653185732     
          47  0.15357729076354368     
          48  0.14798785729986680     
          49  0.14188257531851048     
          50  0.13523101735315216     
          51  0.12800130996509751     
          52  0.12016020311837429     
          53  0.11167314641837035     
          54  0.10250437432665040     
          55   9.2616998549656035E-002
          56   8.1973109139829761E-002
          57   7.0533882508169388E-002
          58   5.8259697238866121E-002
          59   4.5110255899816140E-002
          60   3.1044713064335223E-002
          61   1.6021807771807835E-002
          62   0.0000000000000000     
