           0   0.0000000000000000     
           1   1.9616659823940955E-002
           2   3.8224981473606638E-002
           3   5.5857098306400135E-002
           4   7.2544922427845451E-002
           5   8.8320036762471299E-002
           6  0.10321359039792073     
           7  0.11725619791653437     
           8  0.13047784375070509     
           9  0.14290779190819994     
          10  0.15457450192424779     
          11  0.16550555098095027     
          12  0.17572756285414173     
          13  0.18526614323851814     
          14  0.19414582194315402     
          15  0.20239000117446929     
          16  0.21002091028820596     
          17  0.21705956597081916     
          18  0.22352573818865232     
          19  0.22943792068929755     
          20  0.23481330641261122     
          21  0.23966776649185648     
          22  0.24401583326999005     
          23  0.24787068596529835     
          24  0.25124413951066504     
          25  0.25414663519690978     
          26  0.25658723375996756     
          27  0.25857360956826714     
          28  0.26011204666966969     
          29  0.26120743540072139     
          30  0.26186327043309837     
          31  0.26208164902127679     
          32  0.26186327043309837     
          33  0.26120743540072139     
          34  0.26011204666966969     
          35  0.25857360956826714     
          36  0.25658723375996756     
          37  0.25414663519690978     
          38  0.25124413951066504     
          39  0.24787068596529835     
          40  0.24401583326999005     
          41  0.23966776649185648     
          42  0.23481330641261122     
          43  0.22943792068929755     
          44  0.22352573818865232     
          45  0.21705956597081916     
          46  0.21002091028820596     
          47  0.20239000117446929     
          48  0.19414582194315402     
          49  0.18526614323851814     
          50  0.17572756285414173     
          51  0.16550555098095027     
          52  0.15457450192424779     
          53  0.14290779190819994     
          54  0.13047784375070509     
          55  0.11725619791653437     
          56  0.10321359039792073     
          57   8.8320036762471299E-002
          58   7.2544922427845451E-002
          59   5.5857098306400135E-002
          60   3.8224981473606638E-002
          61   1.9616659823940955E-002
          62   0.0000000000000000     
