           0   0.0000000000000000     
           1   2.0397725401481302E-002
           2   3.9785107028218560E-002
           3   5.8192277802995948E-002
           4   7.5649159701612484E-002
           5   9.2185360962111149E-002
           6  0.10783007648712356     
           7  0.12261199223235336     
           8  0.13655919448633116     
           9  0.14969908451828556     
          10  0.16205829926939486     
          11  0.17366263820916092     
          12  0.18453699678702770     
          13  0.19470530625991395     
          14  0.20419048011169957     
          15  0.21301436655786368     
          16  0.22119770719753368     
          17  0.22876010109291173     
          18  0.23571997425521451     
          19  0.24209455368120125     
          20  0.24789984590228203     
          21  0.25315061912273218     
          22  0.25786038894435853     
          23  0.26204140674015380     
          24  0.26570465074572419     
          25  0.26885981895510969     
          26  0.27151532398208689     
          27  0.27367828902263613     
          28  0.27535454518094449     
          29  0.27654862935923225     
          30  0.27726378307604327     
          31  0.27750195148766216     
          32  0.27726378307604327     
          33  0.27654862935923225     
          34  0.27535454518094449     
          35  0.27367828902263613     
          36  0.27151532398208689     
          37  0.26885981895510969     
          38  0.26570465074572419     
          39  0.26204140674015380     
          40  0.25786038894435853     
          41  0.25315061912273218     
          42  0.24789984590228203     
          43  0.24209455368120125     
          44  0.23571997425521451     
          45  0.22876010109291173     
          46  0.22119770719753368     
          47  0.21301436655786368     
          48  0.20419048011169957     
          49  0.19470530625991395     
          50  0.18453699678702770     
          51  0.17366263820916092     
          52  0.16205829926939486     
          53  0.14969908451828556     
          54  0.13655919448633116     
          55  0.12261199223235336     
          56  0.10783007648712356     
          57   9.2185360962111149E-002
          58   7.5649159701612484E-002
          59   5.8192277802995948E-002
          60   3.9785107028218560E-002
          61   2.0397725401481302E-002
          62   0.0000000000000000     
