           0   0.0000000000000000     
           1   2.1219782021480733E-002
           2   4.1427110034019859E-002
           3   6.0650012147215701E-002
           4   7.8916316337879031E-002
           5   9.6253553052418270E-002
           6  0.11268886091914969     
           7  0.12824889644668944     
           8  0.14295974847591894     
           9  0.15684685799998818     
          10  0.16993494383691243     
          11  0.18224793446719814     
          12  0.19380890622480323     
          13  0.20464002786391269     
          14  0.21476251142712408     
          15  0.22419656919868919     
          16  0.23296137646898071     
          17  0.24107503972625091     
          18  0.24855456987653426     
          19  0.25541586001407091     
          20  0.26167366728764541     
          21  0.26734159835598970     
          22  0.27243209797895590     
          23  0.27695644025766569     
          24  0.28092472211236091     
          25  0.28434585856466427     
          26  0.28722757948078825     
          27  0.28957642741595324     
          28  0.29139775629851866     
          29  0.29269573067800336     
          30  0.29347332536383219     
          31  0.29373232526728810     
          32  0.29347332536383219     
          33  0.29269573067800336     
          34  0.29139775629851866     
          35  0.28957642741595324     
          36  0.28722757948078825     
          37  0.28434585856466427     
          38  0.28092472211236091     
          39  0.27695644025766569     
          40  0.27243209797895590     
          41  0.26734159835598970     
          42  0.26167366728764541     
          43  0.25541586001407091     
          44  0.24855456987653426     
          45  0.24107503972625091     
          46  0.23296137646898071     
          47  0.22419656919868919     
          48  0.21476251142712408     
          49  0.20464002786391269     
          50  0.19380890622480323     
          51  0.18224793446719814     
          52  0.16993494383691243     
          53  0.15684685799998818     
          54  0.14295974847591894     
          55  0.12824889644668944     
          56  0.11268886091914969     
          57   9.6253553052418270E-002
          58   7.8916316337879031E-002
          59   6.0650012147215701E-002
          60   4.1427110034019859E-002
          61   2.1219782021480733E-002
          62   0.0000000000000000     
