           0   0.0000000000000000     
           1   2.1121357166877262E-002
           2   4.1230512980110337E-002
           3   6.0355747555616235E-002
           4   7.8525139581896344E-002
           5   9.5766468276772918E-002
           6  0.11210711846400455     
           7  0.12757398963598465     
           8  0.14219340978649031     
           9  0.15599105461146948     
          10  0.16899187258525386     
          11  0.18122001620180028     
          12  0.19269877959821918     
          13  0.20345054255411721     
          14  0.21349672082712523     
          15  0.22285772257348188     
          16  0.23155291062008213     
          17  0.23960057016381850     
          18  0.24701788154435869     
          19  0.25382089756744414     
          20  0.26002452497398537     
          21  0.26564250949822088     
          22  0.27068742411560404     
          23  0.27517065993966588     
          24  0.27910241941405950     
          25  0.28249171130901407     
          26  0.28534634723915092     
          27  0.28767293928250692     
          28  0.28947689850199820     
          29  0.29076243403077268     
          30  0.29153255261268213     
          31  0.29178905834596247     
          32  0.29153255261268213     
          33  0.29076243403077268     
          34  0.28947689850199820     
          35  0.28767293928250692     
          36  0.28534634723915092     
          37  0.28249171130901407     
          38  0.27910241941405950     
          39  0.27517065993966588     
          40  0.27068742411560404     
          41  0.26564250949822088     
          42  0.26002452497398537     
          43  0.25382089756744414     
          44  0.24701788154435869     
          45  0.23960057016381850     
          46  0.23155291062008213     
          47  0.22285772257348188     
          48  0.21349672082712523     
          49  0.20345054255411721     
          50  0.19269877959821918     
          51  0.18122001620180028     
          52  0.16899187258525386     
          53  0.15599105461146948     
          54  0.14219340978649031     
          55  0.12757398963598465     
          56  0.11210711846400455     
          57   9.5766468276772918E-002
          58   7.8525139581896344E-002
          59   6.0355747555616235E-002
          60   4.1230512980110337E-002
          61   2.1121357166877262E-002
          62   0.0000000000000000     
