           0   0.0000000000000000     
           1   1.9990061606081289E-002
           2   3.8970826056490659E-002
           3   5.6973470201208798E-002
           4   7.4028954573365349E-002
           5   9.0167917920649890E-002
           6  0.10542057497134384     
           7  0.11981661818682032     
           8  0.13338512447399214     
           9  0.14615446726633227     
          10  0.15815223474338305     
          11  0.16940515421592967     
          12  0.17993902322693670     
          13  0.18977864702897868     
          14  0.19894778279826497     
          15  0.20746908993438259     
          16  0.21536408667467719     
          17  0.22265311213651370     
          18  0.22935529395410095     
          19  0.23548852046629842     
          20  0.24106941762390774     
          21  0.24611332948632358     
          22  0.25063430252824315     
          23  0.25464507259545593     
          24  0.25815705481640799     
          25  0.26118033531808416     
          26  0.26372366515733098     
          27  0.26579445535310942     
          28  0.26739877354165326     
          29  0.26854134119508183     
          30  0.26922553203462629     
          31  0.26945337064651720     
          32  0.26922553203462629     
          33  0.26854134119508183     
          34  0.26739877354165326     
          35  0.26579445535310942     
          36  0.26372366515733098     
          37  0.26118033531808416     
          38  0.25815705481640799     
          39  0.25464507259545593     
          40  0.25063430252824315     
          41  0.24611332948632358     
          42  0.24106941762390774     
          43  0.23548852046629842     
          44  0.22935529395410095     
          45  0.22265311213651370     
          46  0.21536408667467719     
          47  0.20746908993438259     
          48  0.19894778279826497     
          49  0.18977864702897868     
          50  0.17993902322693670     
          51  0.16940515421592967     
          52  0.15815223474338305     
          53  0.14615446726633227     
          54  0.13338512447399214     
          55  0.11981661818682032     
          56  0.10542057497134384     
          57   9.0167917920649890E-002
          58   7.4028954573365349E-002
          59   5.6973470201208798E-002
          60   3.8970826056490659E-002
          61   1.9990061606081289E-002
          62   0.0000000000000000     
