           0   0.0000000000000000     
           1   1.5298112586397522E-002
           2   2.9599367953351895E-002
           3   4.2947341799427448E-002
           4   5.5385311735476235E-002
           5   6.6956111584177067E-002
           6   7.7701990102788748E-002
           7   8.7664474554297475E-002
           8   9.6884241139346503E-002
           9  0.10540099199149094     
          10  0.11325334081113259     
          11  0.12047870608513221     
          12  0.12711321397768768     
          13  0.13319160911552341     
          14  0.13874717535769457     
          15  0.14381166413111282     
          16  0.14841523245358748     
          17  0.15258638769560129     
          18  0.15635194127592389     
          19  0.15973696793487344     
          20  0.16276477289644539     
          21  0.16545686327399872     
          22  0.16783292618208739     
          23  0.16991080972556191     
          24  0.17170650950420499     
          25  0.17323415670983436     
          26  0.17450601064324484     
          27  0.17553245170681214     
          28  0.17632197789347073     
          29  0.17688120086517178     
          30  0.17721484483179092     
          31  0.17732574440679180     
          32  0.17721484483179092     
          33  0.17688120086517178     
          34  0.17632197789347073     
          35  0.17553245170681214     
          36  0.17450601064324484     
          37  0.17323415670983436     
          38  0.17170650950420499     
          39  0.16991080972556191     
          40  0.16783292618208739     
          41  0.16545686327399872     
          42  0.16276477289644539     
          43  0.15973696793487344     
          44  0.15635194127592389     
          45  0.15258638769560129     
          46  0.14841523245358748     
          47  0.14381166413111282     
          48  0.13874717535769457     
          49  0.13319160911552341     
          50  0.12711321397768768     
          51  0.12047870608513221     
          52  0.11325334081113259     
          53  0.10540099199149094     
          54   9.6884241139346503E-002
          55   8.7664474554297475E-002
          56   7.7701990102788748E-002
          57   6.6956111584177067E-002
          58   5.5385311735476235E-002
          59   4.2947341799427448E-002
          60   2.9599367953351895E-002
          61   1.5298112586397522E-002
          62   0.0000000000000000     
