           0   0.0000000000000000     
           1   2.1053839678726583E-002
           2   4.1095651320322855E-002
           3   6.0153887912032744E-002
           4   7.8256800125594758E-002
           5   9.5432337831075756E-002
           6  0.11170805473741237     
           7  0.12711101701903577     
           8  0.14166771672385017     
           9  0.15540399054925016     
          10  0.16834494450922530     
          11  0.18051488476649447     
          12  0.19193725486678626     
          13  0.20263457934893492     
          14  0.21262841371501542     
          15  0.22193930048553429     
          16  0.23058673113368969     
          17  0.23858911344692416     
          18  0.24596374399298357     
          19  0.25272678513649777     
          20  0.25889324623557436     
          21  0.26447696842745760     
          22  0.26949061264092761     
          23  0.27394565025767609     
          24  0.27785235610829367     
          25  0.28121980327266732     
          26  0.28405585944318062     
          27  0.28636718438912218     
          28  0.28815922836656305     
          29  0.28943623109212163     
          30  0.29020122121602338     
          31  0.29045601599836651     
          32  0.29020122121602338     
          33  0.28943623109212163     
          34  0.28815922836656305     
          35  0.28636718438912218     
          36  0.28405585944318062     
          37  0.28121980327266732     
          38  0.27785235610829367     
          39  0.27394565025767609     
          40  0.26949061264092761     
          41  0.26447696842745760     
          42  0.25889324623557436     
          43  0.25272678513649777     
          44  0.24596374399298357     
          45  0.23858911344692416     
          46  0.23058673113368969     
          47  0.22193930048553429     
          48  0.21262841371501542     
          49  0.20263457934893492     
          50  0.19193725486678626     
          51  0.18051488476649447     
          52  0.16834494450922530     
          53  0.15540399054925016     
          54  0.14166771672385017     
          55  0.12711101701903577     
          56  0.11170805473741237     
          57   9.5432337831075756E-002
          58   7.8256800125594758E-002
          59   6.0153887912032744E-002
          60   4.1095651320322855E-002
          61   2.1053839678726583E-002
          62   0.0000000000000000     
