           0   0.0000000000000000     
           1   1.1148169812582530E-002
           2   2.1314905258909098E-002
           3   3.0559051458771521E-002
           4   3.8938851963696341E-002
           5   4.6511659203214206E-002
           6   5.3333659135452696E-002
           7   5.9459612455588423E-002
           8   6.4942617787312126E-002
           9   6.9833897392454963E-002
          10   7.4182610380528813E-002
          11   7.8035692018307332E-002
          12   8.1437723372435517E-002
          13   8.4430828035101130E-002
          14   8.7054599262668855E-002
          15   8.9346052687544628E-002
          16   9.1339607017425911E-002
          17   9.3067086678039188E-002
          18   9.4557747999118702E-002
          19   9.5838322145655477E-002
          20   9.6933075759242537E-002
          21   9.7863882212775852E-002
          22   9.8650304030336228E-002
          23   9.9309679488340005E-002
          24   9.9857213771374298E-002
          25  0.10030606814602447     
          26  0.10066744757392823     
          27  0.10095068091509525     
          28  0.10116329439648707     
          29  0.10131107332977837     
          30  0.10139811318809606     
          31  0.10142685591817285     
          32  0.10139811318809606     
          33  0.10131107332977837     
          34  0.10116329439648707     
          35  0.10095068091509525     
          36  0.10066744757392823     
          37  0.10030606814602447     
          38   9.9857213771374298E-002
          39   9.9309679488340005E-002
          40   9.8650304030336228E-002
          41   9.7863882212775852E-002
          42   9.6933075759242537E-002
          43   9.5838322145655477E-002
          44   9.4557747999118702E-002
          45   9.3067086678039188E-002
          46   9.1339607017425911E-002
          47   8.9346052687544628E-002
          48   8.7054599262668855E-002
          49   8.4430828035101130E-002
          50   8.1437723372435517E-002
          51   7.8035692018307332E-002
          52   7.4182610380528813E-002
          53   6.9833897392454963E-002
          54   6.4942617787312126E-002
          55   5.9459612455588423E-002
          56   5.3333659135452696E-002
          57   4.6511659203214206E-002
          58   3.8938851963696341E-002
          59   3.0559051458771521E-002
          60   2.1314905258909098E-002
          61   1.1148169812582530E-002
          62   0.0000000000000000     
