           0   0.0000000000000000     
           1   5.3725465136955537E-003
           2   9.8212003866765193E-003
           3   1.3460363654551338E-002
           4   1.6399995547976415E-002
           5   1.8743711471783952E-002
           6   2.0587232311889279E-002
           7   2.2017248650250482E-002
           8   2.3110728748270731E-002
           9   2.3934663468585991E-002
          10   2.4546210143047541E-002
          11   2.4993173059618897E-002
          12   2.5314743115144436E-002
          13   2.5542412976309780E-002
          14   2.5700986599187972E-002
          15   2.5809610886009957E-002
          16   2.5882770883931906E-002
          17   2.5931205501131822E-002
          18   2.5962716508736730E-002
          19   2.5982857706878443E-002
          20   2.5995502754606273E-002
          21   2.6003298650206837E-002
          22   2.6008017349584751E-002
          23   2.6010820785867469E-002
          24   2.6012455230669532E-002
          25   2.6013390088277483E-002
          26   2.6013914457884757E-002
          27   2.6014202600496038E-002
          28   2.6014357181355110E-002
          29   2.6014437049535558E-002
          30   2.6014474491608677E-002
          31   2.6014485388545346E-002
          32   2.6014474491608677E-002
          33   2.6014437049535558E-002
          34   2.6014357181355110E-002
          35   2.6014202600496038E-002
          36   2.6013914457884757E-002
          37   2.6013390088277483E-002
          38   2.6012455230669532E-002
          39   2.6010820785867469E-002
          40   2.6008017349584751E-002
          41   2.6003298650206837E-002
          42   2.5995502754606273E-002
          43   2.5982857706878443E-002
          44   2.5962716508736730E-002
          45   2.5931205501131822E-002
          46   2.5882770883931906E-002
          47   2.5809610886009957E-002
          48   2.5700986599187972E-002
          49   2.5542412976309780E-002
          50   2.5314743115144436E-002
          51   2.4993173059618897E-002
          52   2.4546210143047541E-002
          53   2.3934663468585991E-002
          54   2.3110728748270731E-002
          55   2.2017248650250482E-002
          56   2.0587232311889279E-002
          57   1.8743711471783952E-002
          58   1.6399995547976415E-002
          59   1.3460363654551338E-002
          60   9.8212003866765193E-003
          61   5.3725465136955537E-003
          62   0.0000000000000000     
