           0   0.0000000000000000     
           1   2.1024901924452468E-002
           2   4.1037850094625170E-002
           3   6.0067371589806767E-002
           4   7.8141790793147745E-002
           5   9.5289130715667442E-002
           6  0.11153701744989541     
           7  0.12691258860959639     
           8  0.14144240655569340     
           9  0.15515237699023018     
          10  0.16806767344813331     
          11  0.18021266795400459     
          12  0.19161086808957103     
          13  0.20228486043695143     
          14  0.21225626039218473     
          15  0.22154566806381562     
          16  0.23017263006237940     
          17  0.23815560671718011     
          18  0.24551194441089114     
          19  0.25225785246467786     
          20  0.25840838421799894     
          21  0.26397742169747207     
          22  0.26897766352834507     
          23  0.27342061549494295     
          24  0.27731658345262589     
          25  0.28067466804415775     
          26  0.28350276099663935     
          27  0.28580754251964940     
          28  0.28759447966729618     
          29  0.28886782526415766     
          30  0.28963061734944717     
          31  0.28988467882438773     
          32  0.28963061734944717     
          33  0.28886782526415766     
          34  0.28759447966729618     
          35  0.28580754251964940     
          36  0.28350276099663935     
          37  0.28067466804415775     
          38  0.27731658345262589     
          39  0.27342061549494295     
          40  0.26897766352834507     
          41  0.26397742169747207     
          42  0.25840838421799894     
          43  0.25225785246467786     
          44  0.24551194441089114     
          45  0.23815560671718011     
          46  0.23017263006237940     
          47  0.22154566806381562     
          48  0.21225626039218473     
          49  0.20228486043695143     
          50  0.19161086808957103     
          51  0.18021266795400459     
          52  0.16806767344813331     
          53  0.15515237699023018     
          54  0.14144240655569340     
          55  0.12691258860959639     
          56  0.11153701744989541     
          57   9.5289130715667442E-002
          58   7.8141790793147745E-002
          59   6.0067371589806767E-002
          60   4.1037850094625170E-002
          61   2.1024901924452468E-002
          62   0.0000000000000000     
