           0   0.0000000000000000     
           1   2.1189419967978258E-002
           2   4.1366463866003012E-002
           3   6.0559237542464096E-002
           4   7.8795646313597492E-002
           5   9.6103297366701312E-002
           6  0.11250940527634698     
           7  0.12804070150667313     
           8  0.14272334867233497     
           9  0.15658286016749259     
          10  0.16964402565443495     
          11  0.18193084271723386     
          12  0.19346645487766270     
          13  0.20427309598693111     
          14  0.21437204092955589     
          15  0.22378356241228917     
          16  0.23252689357668357     
          17  0.24062019603895068     
          18  0.24808053297193447     
          19  0.25492384673760571     
          20  0.26116494063085977     
          21  0.26681746421237712     
          22  0.27189390179390055     
          23  0.27640556357248597     
          24  0.28036257902018963     
          25  0.28377389207816145     
          26  0.28664725783032635     
          27  0.28898924027827150     
          28  0.29080521097519829     
          29  0.29209934822376366     
          30  0.29287463668450986     
          31  0.29313286718750242     
          32  0.29287463668450986     
          33  0.29209934822376366     
          34  0.29080521097519829     
          35  0.28898924027827150     
          36  0.28664725783032635     
          37  0.28377389207816145     
          38  0.28036257902018963     
          39  0.27640556357248597     
          40  0.27189390179390055     
          41  0.26681746421237712     
          42  0.26116494063085977     
          43  0.25492384673760571     
          44  0.24808053297193447     
          45  0.24062019603895068     
          46  0.23252689357668357     
          47  0.22378356241228917     
          48  0.21437204092955589     
          49  0.20427309598693111     
          50  0.19346645487766270     
          51  0.18193084271723386     
          52  0.16964402565443495     
          53  0.15658286016749259     
          54  0.14272334867233497     
          55  0.12804070150667313     
          56  0.11250940527634698     
          57   9.6103297366701312E-002
          58   7.8795646313597492E-002
          59   6.0559237542464096E-002
          60   4.1366463866003012E-002
          61   2.1189419967978258E-002
          62   0.0000000000000000     
