           0   0.0000000000000000     
           1   2.1234239415571309E-002
           2   4.1455987710262418E-002
           3   6.0693235977060035E-002
           4   7.8973775366328089E-002
           5   9.6325099783030887E-002
           6  0.11277431169241874     
           7  0.12834803191179589     
           8  0.14307231415344071     
           9  0.15697256493556461     
          10  0.17007346934250961     
          11  0.18239892294997656     
          12  0.19397197009933323     
          13  0.20481474854773954     
          14  0.21494844041457331     
          15  0.22439322921291335     
          16  0.23316826268633567     
          17  0.24129162107300275     
          18  0.24878029039124294     
          19  0.25565014027565119     
          20  0.26191590590177821     
          21  0.26759117349988276     
          22  0.27268836899653043     
          23  0.27721874930516610     
          24  0.28119239584594707     
          25  0.28461820986998387     
          26  0.28750390923565894     
          27  0.28985602628614954     
          28  0.29167990655745518     
          29  0.29297970805031054     
          30  0.29375840088336769     
          31  0.29401776714958361     
          32  0.29375840088336769     
          33  0.29297970805031054     
          34  0.29167990655745518     
          35  0.28985602628614954     
          36  0.28750390923565894     
          37  0.28461820986998387     
          38  0.28119239584594707     
          39  0.27721874930516610     
          40  0.27268836899653043     
          41  0.26759117349988276     
          42  0.26191590590177821     
          43  0.25565014027565119     
          44  0.24878029039124294     
          45  0.24129162107300275     
          46  0.23316826268633567     
          47  0.22439322921291335     
          48  0.21494844041457331     
          49  0.20481474854773954     
          50  0.19397197009933323     
          51  0.18239892294997656     
          52  0.17007346934250961     
          53  0.15697256493556461     
          54  0.14307231415344071     
          55  0.12834803191179589     
          56  0.11277431169241874     
          57   9.6325099783030887E-002
          58   7.8973775366328089E-002
          59   6.0693235977060035E-002
          60   4.1455987710262418E-002
          61   2.1234239415571309E-002
          62   0.0000000000000000     
