           0   0.0000000000000000     
           1   2.1237946477235412E-002
           2   4.1463392317612570E-002
           3   6.0704319122583221E-002
           4   7.8988508599736926E-002
           5   9.6343445284342161E-002
           6  0.11279622236897426     
           7  0.12837345151922636     
           8  0.14310117743995152     
           9  0.15700479780954377     
          10  0.17010898906259789     
          11  0.18243763833759938     
          12  0.19401378177260492     
          13  0.20485954917673868     
          14  0.21499611499668045     
          15  0.22444365536821034     
          16  0.23322131097155174     
          17  0.24134715531400674     
          18  0.24883816803237588     
          19  0.25571021274589961     
          20  0.26197801899590895     
          21  0.26765516777453985     
          22  0.27275408017926084     
          23  0.27728600871637576     
          24  0.28126103083162074     
          25  0.28468804424517052     
          26  0.28757476373644508     
          27  0.28992771903012282     
          28  0.29175225351029421     
          29  0.29305252349850147     
          30  0.29383149791062246     
          31  0.29409095811695879     
          32  0.29383149791062246     
          33  0.29305252349850147     
          34  0.29175225351029421     
          35  0.28992771903012282     
          36  0.28757476373644508     
          37  0.28468804424517052     
          38  0.28126103083162074     
          39  0.27728600871637576     
          40  0.27275408017926084     
          41  0.26765516777453985     
          42  0.26197801899590895     
          43  0.25571021274589961     
          44  0.24883816803237588     
          45  0.24134715531400674     
          46  0.23322131097155174     
          47  0.22444365536821034     
          48  0.21499611499668045     
          49  0.20485954917673868     
          50  0.19401378177260492     
          51  0.18243763833759938     
          52  0.17010898906259789     
          53  0.15700479780954377     
          54  0.14310117743995152     
          55  0.12837345151922636     
          56  0.11279622236897426     
          57   9.6343445284342161E-002
          58   7.8988508599736926E-002
          59   6.0704319122583221E-002
          60   4.1463392317612570E-002
          61   2.1237946477235412E-002
          62   0.0000000000000000     
