           0   0.0000000000000000     
           1   1.8841749504221548E-002
           2   3.6677153788426869E-002
           3   5.3540333958150443E-002
           4   6.9465179483349987E-002
           5   8.4485235095999173E-002
           6   9.8633591046090902E-002
           7  0.11194277735328699     
           8  0.12444466322271006     
           9  0.13617036184203424     
          10  0.14715014159857018     
          11  0.15741334347714719     
          12  0.16698830552842145     
          13  0.17590229372986196     
          14  0.18418144000609524     
          15  0.19185068635075853     
          16  0.19893373574807963     
          17  0.20545300853633239     
          18  0.21142960490696219     
          19  0.21688327196566506     
          20  0.22183237610342554     
          21  0.22629387896391370     
          22  0.23028331785395875     
          23  0.23381478880555587     
          24  0.23690093326234971     
          25  0.23955292656818766     
          26  0.24178046936871175     
          27  0.24359178010721222     
          28  0.24499358986322403     
          29  0.24599113774417841     
          30  0.24658816820724572     
          31  0.24678692857074205     
          32  0.24658816820724572     
          33  0.24599113774417841     
          34  0.24499358986322403     
          35  0.24359178010721222     
          36  0.24178046936871175     
          37  0.23955292656818766     
          38  0.23690093326234971     
          39  0.23381478880555587     
          40  0.23028331785395875     
          41  0.22629387896391370     
          42  0.22183237610342554     
          43  0.21688327196566506     
          44  0.21142960490696219     
          45  0.20545300853633239     
          46  0.19893373574807963     
          47  0.19185068635075853     
          48  0.18418144000609524     
          49  0.17590229372986196     
          50  0.16698830552842145     
          51  0.15741334347714719     
          52  0.14715014159857018     
          53  0.13617036184203424     
          54  0.12444466322271006     
          55  0.11194277735328699     
          56   9.8633591046090902E-002
          57   8.4485235095999173E-002
          58   6.9465179483349987E-002
          59   5.3540333958150443E-002
          60   3.6677153788426869E-002
          61   1.8841749504221548E-002
          62   0.0000000000000000     
