           0   0.0000000000000000     
           1   2.1198528955871637E-002
           2   4.1384658459138794E-002
           3   6.0586471035601781E-002
           4   7.8831848798721779E-002
           5   9.6148375912590220E-002
           6  0.11256324416697173     
           7  0.12810316253843032     
           8  0.14279427150858545     
           9  0.15666206275040759     
          10  0.16973130467203570     
          11  0.18202597412562607     
          12  0.19356919447578433     
          13  0.20438318004381559     
          14  0.21448918686089113     
          15  0.22390746950627324     
          16  0.23265724376545183     
          17  0.24075665471557578     
          18  0.24822274984880593     
          19  0.25507145674619069     
          20  0.26131756485822699     
          21  0.26697471087448532     
          22  0.27205536724065688     
          23  0.27657083332457549     
          24  0.28053122883235426     
          25  0.28394548902893069     
          26  0.28682136143260745     
          27  0.28916540361079873     
          28  0.29098298182903776     
          29  0.29227827026387149     
          30  0.29305425062038631     
          31  0.29331271195294051     
          32  0.29305425062038631     
          33  0.29227827026387149     
          34  0.29098298182903776     
          35  0.28916540361079873     
          36  0.28682136143260745     
          37  0.28394548902893069     
          38  0.28053122883235426     
          39  0.27657083332457549     
          40  0.27205536724065688     
          41  0.26697471087448532     
          42  0.26131756485822699     
          43  0.25507145674619069     
          44  0.24822274984880593     
          45  0.24075665471557578     
          46  0.23265724376545183     
          47  0.22390746950627324     
          48  0.21448918686089113     
          49  0.20438318004381559     
          50  0.19356919447578433     
          51  0.18202597412562607     
          52  0.16973130467203570     
          53  0.15666206275040759     
          54  0.14279427150858545     
          55  0.12810316253843032     
          56  0.11256324416697173     
          57   9.6148375912590220E-002
          58   7.8831848798721779E-002
          59   6.0586471035601781E-002
          60   4.1384658459138794E-002
          61   2.1198528955871637E-002
          62   0.0000000000000000     
