           0   0.0000000000000000     
           1   2.0278870625337883E-002
           2   3.9547702597807481E-002
           3   5.7836933177786432E-002
           4   7.5176787114137847E-002
           5   9.1597173073218865E-002
           6  0.10712758327306783     
           7  0.12179699710378070     
           8  0.13563378965912304     
           9  0.14866564563632756     
          10  0.16091947930692727     
          11  0.17242136065279304     
          12  0.18319644813247057     
          13  0.19326892782351984     
          14  0.20266195919889418     
          15  0.21139762698855846     
          16  0.21949689923719576     
          17  0.22697959078936905     
          18  0.23386433223595979     
          19  0.24016854341125513     
          20  0.24590841146289696     
          21  0.25109887251097579     
          22  0.25575359695875211     
          23  0.25988497745238098     
          24  0.26350411962780812     
          25  0.26662083466204817     
          26  0.26924363386285771     
          27  0.27137972435953583     
          28  0.27303500623294036     
          29  0.27421407020926991     
          30  0.27492019635998616     
          31  0.27515535300478933     
          32  0.27492019635998616     
          33  0.27421407020926991     
          34  0.27303500623294036     
          35  0.27137972435953583     
          36  0.26924363386285771     
          37  0.26662083466204817     
          38  0.26350411962780812     
          39  0.25988497745238098     
          40  0.25575359695875211     
          41  0.25109887251097579     
          42  0.24590841146289696     
          43  0.24016854341125513     
          44  0.23386433223595979     
          45  0.22697959078936905     
          46  0.21949689923719576     
          47  0.21139762698855846     
          48  0.20266195919889418     
          49  0.19326892782351984     
          50  0.18319644813247057     
          51  0.17242136065279304     
          52  0.16091947930692727     
          53  0.14866564563632756     
          54  0.13563378965912304     
          55  0.12179699710378070     
          56  0.10712758327306783     
          57   9.1597173073218865E-002
          58   7.5176787114137847E-002
          59   5.7836933177786432E-002
          60   3.9547702597807481E-002
          61   2.0278870625337883E-002
          62   0.0000000000000000     
