           0   0.0000000000000000     
           1   1.4470637323335311E-002
           2   2.7946897513771995E-002
           3   4.0474821754230540E-002
           4   5.2100124185163799E-002
           5   6.2868032261981580E-002
           6   7.2823132263183848E-002
           7   8.2009220430199675E-002
           8   9.0469162111295534E-002
           9   9.8244758553398218E-002
          10  0.10537662379476656     
          11  0.11190407043047726     
          12  0.11786500670761532     
          13  0.12329584288795346     
          14  0.12823140931310120     
          15  0.13270488337127492     
          16  0.13674772779041083     
          17  0.14038963684997252     
          18  0.14365849295898114     
          19  0.14658032973258556     
          20  0.14917930407846050     
          21  0.15147767311026808     
          22  0.15349577850339841     
          23  0.15525203392746054     
          24  0.15676291830991354     
          25  0.15804297049653715     
          26  0.15910478823143387     
          27  0.15995902704707426     
          28  0.16061440217837539     
          29  0.16107768918937543     
          30  0.16135372663460484     
          31  0.16144541659587475     
          32  0.16135372663460484     
          33  0.16107768918937543     
          34  0.16061440217837539     
          35  0.15995902704707426     
          36  0.15910478823143387     
          37  0.15804297049653715     
          38  0.15676291830991354     
          39  0.15525203392746054     
          40  0.15349577850339841     
          41  0.15147767311026808     
          42  0.14917930407846050     
          43  0.14658032973258556     
          44  0.14365849295898114     
          45  0.14038963684997252     
          46  0.13674772779041083     
          47  0.13270488337127492     
          48  0.12823140931310120     
          49  0.12329584288795346     
          50  0.11786500670761532     
          51  0.11190407043047726     
          52  0.10537662379476656     
          53   9.8244758553398218E-002
          54   9.0469162111295534E-002
          55   8.2009220430199675E-002
          56   7.2823132263183848E-002
          57   6.2868032261981580E-002
          58   5.2100124185163799E-002
          59   4.0474821754230540E-002
          60   2.7946897513771995E-002
          61   1.4470637323335311E-002
          62   0.0000000000000000     
