           0   0.0000000000000000     
           1   1.7701932390738077E-002
           2   3.4400471380188369E-002
           3   5.0132681712480122E-002
           4   6.4935380190561623E-002
           5   7.8845014477759504E-002
           6   9.1897545419836274E-002
           7  0.10412833341891962     
           8  0.11557203023552225     
           9  0.12626247624981943     
          10  0.13623260449991972     
          11  0.14551435099362620     
          12  0.15413857252926691     
          13  0.16213497100832885     
          14  0.16953202541456250     
          15  0.17635692999130781     
          16  0.18263553978011235     
          17  0.18839232168694672     
          18  0.19365031228620783     
          19  0.19843108025387446     
          20  0.20275469474039590     
          21  0.20663969738282026     
          22  0.21010307940628364     
          23  0.21316026139206501     
          24  0.21582507732406103     
          25  0.21810976042356869     
          26  0.22002493255244723     
          27  0.22157959466970448     
          28  0.22278112028391578     
          29  0.22363524939500859     
          30  0.22414608501579503     
          31  0.22431608980286155     
          32  0.22414608501579503     
          33  0.22363524939500859     
          34  0.22278112028391578     
          35  0.22157959466970448     
          36  0.22002493255244723     
          37  0.21810976042356869     
          38  0.21582507732406103     
          39  0.21316026139206501     
          40  0.21010307940628364     
          41  0.20663969738282026     
          42  0.20275469474039590     
          43  0.19843108025387446     
          44  0.19365031228620783     
          45  0.18839232168694672     
          46  0.18263553978011235     
          47  0.17635692999130781     
          48  0.16953202541456250     
          49  0.16213497100832885     
          50  0.15413857252926691     
          51  0.14551435099362620     
          52  0.13623260449991972     
          53  0.12626247624981943     
          54  0.11557203023552225     
          55  0.10412833341891962     
          56   9.1897545419836274E-002
          57   7.8845014477759504E-002
          58   6.4935380190561623E-002
          59   5.0132681712480122E-002
          60   3.4400471380188369E-002
          61   1.7701932390738077E-002
          62   0.0000000000000000     
