           0   0.0000000000000000     
           1   2.1206540070335421E-002
           2   4.1400660123641929E-002
           3   6.0610422174117842E-002
           4   7.8863687928996298E-002
           5   9.6188021304065952E-002
           6  0.11261059405045529     
           7  0.12815809536749981     
           8  0.14285664627139821     
           9  0.15673171933190785     
          10  0.16980806426470393     
          11  0.18210963968876967     
          12  0.19365955124101400     
          13  0.20447999606670622     
          14  0.21459221361599803     
          15  0.22401644252550235     
          16  0.23277188331651033     
          17  0.24087666652050133     
          18  0.24834782583888956     
          19  0.25520127585329183     
          20  0.26145179383842226     
          21  0.26711300516404962     
          22  0.27219737183998605     
          23  0.27671618371004997     
          24  0.28067955189146548     
          25  0.28409640401867020     
          26  0.28697448095620154     
          27  0.28932033461278844     
          28  0.29113932660359942     
          29  0.29243562747637653     
          30  0.29321221633696098     
          31  0.29347088067802307     
          32  0.29321221633696098     
          33  0.29243562747637653     
          34  0.29113932660359942     
          35  0.28932033461278844     
          36  0.28697448095620154     
          37  0.28409640401867020     
          38  0.28067955189146548     
          39  0.27671618371004997     
          40  0.27219737183998605     
          41  0.26711300516404962     
          42  0.26145179383842226     
          43  0.25520127585329183     
          44  0.24834782583888956     
          45  0.24087666652050133     
          46  0.23277188331651033     
          47  0.22401644252550235     
          48  0.21459221361599803     
          49  0.20447999606670622     
          50  0.19365955124101400     
          51  0.18210963968876967     
          52  0.16980806426470393     
          53  0.15673171933190785     
          54  0.14285664627139821     
          55  0.12815809536749981     
          56  0.11261059405045529     
          57   9.6188021304065952E-002
          58   7.8863687928996298E-002
          59   6.0610422174117842E-002
          60   4.1400660123641929E-002
          61   2.1206540070335421E-002
          62   0.0000000000000000     
