           0   0.0000000000000000     
           1   2.1167285925829712E-002
           2   4.1322252599498413E-002
           3   6.0493062541244376E-002
           4   7.8707677448012672E-002
           5   9.5993760451475882E-002
           6  0.11237858149128875     
           7  0.12788892667442539     
           8  0.14255101239687784     
           9  0.15639040483339331     
          10  0.16943194529198161     
          11  0.18169968173345308     
          12  0.19321680665973126     
          13  0.20400560137798196     
          14  0.21408738658469881     
          15  0.22348247903484561     
          16  0.23221015404368547     
          17  0.24028861341590291     
          18  0.24773495842702667     
          19  0.25456516735537377     
          20  0.26079407713651359     
          21  0.26643536860679579     
          22  0.27150155491142730     
          23  0.27600397256152592     
          24  0.27995277475953201     
          25  0.28335692652903149     
          26  0.28622420133774817     
          27  0.28856117882174487     
          28  0.29037324338279397     
          29  0.29166458334963696     
          30  0.29243819056431497     
          31  0.29269586017170657     
          32  0.29243819056431497     
          33  0.29166458334963696     
          34  0.29037324338279397     
          35  0.28856117882174487     
          36  0.28622420133774817     
          37  0.28335692652903149     
          38  0.27995277475953201     
          39  0.27600397256152592     
          40  0.27150155491142730     
          41  0.26643536860679579     
          42  0.26079407713651359     
          43  0.25456516735537377     
          44  0.24773495842702667     
          45  0.24028861341590291     
          46  0.23221015404368547     
          47  0.22348247903484561     
          48  0.21408738658469881     
          49  0.20400560137798196     
          50  0.19321680665973126     
          51  0.18169968173345308     
          52  0.16943194529198161     
          53  0.15639040483339331     
          54  0.14255101239687784     
          55  0.12788892667442539     
          56  0.11237858149128875     
          57   9.5993760451475882E-002
          58   7.8707677448012672E-002
          59   6.0493062541244376E-002
          60   4.1322252599498413E-002
          61   2.1167285925829712E-002
          62   0.0000000000000000     
