           0   0.0000000000000000     
           1   2.1101672265034246E-002
           2   4.1191193707308719E-002
           3   6.0296894843829441E-002
           4   7.8446904505262066E-002
           5   9.5669051663538868E-002
           6  0.11199077038133587     
           7  0.12743900874763281     
           8  0.14204014258661909     
           9  0.15581989453463854     
          10  0.16880325899712512     
          11  0.18101443327056885     
          12  0.19247675505255729     
          13  0.20321264632763281     
          14  0.21324356359628885     
          15  0.22258995418902253     
          16  0.23127121843990001     
          17  0.23930567728741445     
          18  0.24671054495783898     
          19  0.25350190619910090     
          20  0.25969469767042835     
          21  0.26530269292106085     
          22  0.27033849056947945     
          23  0.27481350513161223     
          24  0.27873796015571795     
          25  0.28212088316167888     
          26  0.28497010211373863     
          27  0.28729224299444650     
          28  0.28909272829358829     
          29  0.29037577606100501     
          30  0.29114439942741055     
          31  0.29140040632841735     
          32  0.29114439942741055     
          33  0.29037577606100501     
          34  0.28909272829358829     
          35  0.28729224299444650     
          36  0.28497010211373863     
          37  0.28212088316167888     
          38  0.27873796015571795     
          39  0.27481350513161223     
          40  0.27033849056947945     
          41  0.26530269292106085     
          42  0.25969469767042835     
          43  0.25350190619910090     
          44  0.24671054495783898     
          45  0.23930567728741445     
          46  0.23127121843990001     
          47  0.22258995418902253     
          48  0.21324356359628885     
          49  0.20321264632763281     
          50  0.19247675505255729     
          51  0.18101443327056885     
          52  0.16880325899712512     
          53  0.15581989453463854     
          54  0.14204014258661909     
          55  0.12743900874763281     
          56  0.11199077038133587     
          57   9.5669051663538868E-002
          58   7.8446904505262066E-002
          59   6.0296894843829441E-002
          60   4.1191193707308719E-002
          61   2.1101672265034246E-002
          62   0.0000000000000000     
